0	5	10	15	20	25	30	35	40	45	50	55	60	65	70	75	80	85	90	5	7	11	15	20	25	30	35	40	45	50	55	60	65	70	75	80	85	90	10	11	14	18	22	26	31	36	41	46	50	55	60	65	70	75	80	85	90	15	15	18	21	25	29	33	38	42	47	52	57	61	66	71	76	81	86	91	20	20	22	25	28	32	36	40	44	49	53	58	63	68	72	77	82	87	92	25	25	26	29	32	35	39	43	47	51	55	60	65	69	74	79	83	88	93	30	30	31	33	36	39	42	46	50	54	58	62	67	71	76	80	85	90	94	35	35	36	38	40	43	46	49	53	57	61	65	69	73	78	82	87	91	96	
5	0	5	10	15	20	25	30	35	40	45	50	55	60	65	70	75	80	85	7	5	7	11	15	20	25	30	35	40	45	50	55	60	65	70	75	80	85	11	10	11	14	18	22	26	31	36	41	46	50	55	60	65	70	75	80	85	15	15	15	18	21	25	29	33	38	42	47	52	57	61	66	71	76	81	86	20	20	20	22	25	28	32	36	40	44	49	53	58	63	68	72	77	82	87	25	25	25	26	29	32	35	39	43	47	51	55	60	65	69	74	79	83	88	30	30	30	31	33	36	39	42	46	50	54	58	62	67	71	76	80	85	90	35	35	35	36	38	40	43	46	49	53	57	61	65	69	73	78	82	87	91	
10	5	0	5	10	15	20	25	30	35	40	45	50	55	60	65	70	75	80	11	7	5	7	11	15	20	25	30	35	40	45	50	55	60	65	70	75	80	14	11	10	11	14	18	22	26	31	36	41	46	50	55	60	65	70	75	80	18	15	15	15	18	21	25	29	33	38	42	47	52	57	61	66	71	76	81	22	20	20	20	22	25	28	32	36	40	44	49	53	58	63	68	72	77	82	26	25	25	25	26	29	32	35	39	43	47	51	55	60	65	69	74	79	83	31	30	30	30	31	33	36	39	42	46	50	54	58	62	67	71	76	80	85	36	35	35	35	36	38	40	43	46	49	53	57	61	65	69	73	78	82	87	
15	10	5	0	5	10	15	20	25	30	35	40	45	50	55	60	65	70	75	15	11	7	5	7	11	15	20	25	30	35	40	45	50	55	60	65	70	75	18	14	11	10	11	14	18	22	26	31	36	41	46	50	55	60	65	70	75	21	18	15	15	15	18	21	25	29	33	38	42	47	52	57	61	66	71	76	25	22	20	20	20	22	25	28	32	36	40	44	49	53	58	63	68	72	77	29	26	25	25	25	26	29	32	35	39	43	47	51	55	60	65	69	74	79	33	31	30	30	30	31	33	36	39	42	46	50	54	58	62	67	71	76	80	38	36	35	35	35	36	38	40	43	46	49	53	57	61	65	69	73	78	82	
20	15	10	5	0	5	10	15	20	25	30	35	40	45	50	55	60	65	70	20	15	11	7	5	7	11	15	20	25	30	35	40	45	50	55	60	65	70	22	18	14	11	10	11	14	18	22	26	31	36	41	46	50	55	60	65	70	25	21	18	15	15	15	18	21	25	29	33	38	42	47	52	57	61	66	71	28	25	22	20	20	20	22	25	28	32	36	40	44	49	53	58	63	68	72	32	29	26	25	25	25	26	29	32	35	39	43	47	51	55	60	65	69	74	36	33	31	30	30	30	31	33	36	39	42	46	50	54	58	62	67	71	76	40	38	36	35	35	35	36	38	40	43	46	49	53	57	61	65	69	73	78	
25	20	15	10	5	0	5	10	15	20	25	30	35	40	45	50	55	60	65	25	20	15	11	7	5	7	11	15	20	25	30	35	40	45	50	55	60	65	26	22	18	14	11	10	11	14	18	22	26	31	36	41	46	50	55	60	65	29	25	21	18	15	15	15	18	21	25	29	33	38	42	47	52	57	61	66	32	28	25	22	20	20	20	22	25	28	32	36	40	44	49	53	58	63	68	35	32	29	26	25	25	25	26	29	32	35	39	43	47	51	55	60	65	69	39	36	33	31	30	30	30	31	33	36	39	42	46	50	54	58	62	67	71	43	40	38	36	35	35	35	36	38	40	43	46	49	53	57	61	65	69	73	
30	25	20	15	10	5	0	5	10	15	20	25	30	35	40	45	50	55	60	30	25	20	15	11	7	5	7	11	15	20	25	30	35	40	45	50	55	60	31	26	22	18	14	11	10	11	14	18	22	26	31	36	41	46	50	55	60	33	29	25	21	18	15	15	15	18	21	25	29	33	38	42	47	52	57	61	36	32	28	25	22	20	20	20	22	25	28	32	36	40	44	49	53	58	63	39	35	32	29	26	25	25	25	26	29	32	35	39	43	47	51	55	60	65	42	39	36	33	31	30	30	30	31	33	36	39	42	46	50	54	58	62	67	46	43	40	38	36	35	35	35	36	38	40	43	46	49	53	57	61	65	69	
35	30	25	20	15	10	5	0	5	10	15	20	25	30	35	40	45	50	55	35	30	25	20	15	11	7	5	7	11	15	20	25	30	35	40	45	50	55	36	31	26	22	18	14	11	10	11	14	18	22	26	31	36	41	46	50	55	38	33	29	25	21	18	15	15	15	18	21	25	29	33	38	42	47	52	57	40	36	32	28	25	22	20	20	20	22	25	28	32	36	40	44	49	53	58	43	39	35	32	29	26	25	25	25	26	29	32	35	39	43	47	51	55	60	46	42	39	36	33	31	30	30	30	31	33	36	39	42	46	50	54	58	62	49	46	43	40	38	36	35	35	35	36	38	40	43	46	49	53	57	61	65	
40	35	30	25	20	15	10	5	0	5	10	15	20	25	30	35	40	45	50	40	35	30	25	20	15	11	7	5	7	11	15	20	25	30	35	40	45	50	41	36	31	26	22	18	14	11	10	11	14	18	22	26	31	36	41	46	50	42	38	33	29	25	21	18	15	15	15	18	21	25	29	33	38	42	47	52	44	40	36	32	28	25	22	20	20	20	22	25	28	32	36	40	44	49	53	47	43	39	35	32	29	26	25	25	25	26	29	32	35	39	43	47	51	55	50	46	42	39	36	33	31	30	30	30	31	33	36	39	42	46	50	54	58	53	49	46	43	40	38	36	35	35	35	36	38	40	43	46	49	53	57	61	
45	40	35	30	25	20	15	10	5	0	5	10	15	20	25	30	35	40	45	45	40	35	30	25	20	15	11	7	5	7	11	15	20	25	30	35	40	45	46	41	36	31	26	22	18	14	11	10	11	14	18	22	26	31	36	41	46	47	42	38	33	29	25	21	18	15	15	15	18	21	25	29	33	38	42	47	49	44	40	36	32	28	25	22	20	20	20	22	25	28	32	36	40	44	49	51	47	43	39	35	32	29	26	25	25	25	26	29	32	35	39	43	47	51	54	50	46	42	39	36	33	31	30	30	30	31	33	36	39	42	46	50	54	57	53	49	46	43	40	38	36	35	35	35	36	38	40	43	46	49	53	57	
50	45	40	35	30	25	20	15	10	5	0	5	10	15	20	25	30	35	40	50	45	40	35	30	25	20	15	11	7	5	7	11	15	20	25	30	35	40	50	46	41	36	31	26	22	18	14	11	10	11	14	18	22	26	31	36	41	52	47	42	38	33	29	25	21	18	15	15	15	18	21	25	29	33	38	42	53	49	44	40	36	32	28	25	22	20	20	20	22	25	28	32	36	40	44	55	51	47	43	39	35	32	29	26	25	25	25	26	29	32	35	39	43	47	58	54	50	46	42	39	36	33	31	30	30	30	31	33	36	39	42	46	50	61	57	53	49	46	43	40	38	36	35	35	35	36	38	40	43	46	49	53	
55	50	45	40	35	30	25	20	15	10	5	0	5	10	15	20	25	30	35	55	50	45	40	35	30	25	20	15	11	7	5	7	11	15	20	25	30	35	55	50	46	41	36	31	26	22	18	14	11	10	11	14	18	22	26	31	36	57	52	47	42	38	33	29	25	21	18	15	15	15	18	21	25	29	33	38	58	53	49	44	40	36	32	28	25	22	20	20	20	22	25	28	32	36	40	60	55	51	47	43	39	35	32	29	26	25	25	25	26	29	32	35	39	43	62	58	54	50	46	42	39	36	33	31	30	30	30	31	33	36	39	42	46	65	61	57	53	49	46	43	40	38	36	35	35	35	36	38	40	43	46	49	
60	55	50	45	40	35	30	25	20	15	10	5	0	5	10	15	20	25	30	60	55	50	45	40	35	30	25	20	15	11	7	5	7	11	15	20	25	30	60	55	50	46	41	36	31	26	22	18	14	11	10	11	14	18	22	26	31	61	57	52	47	42	38	33	29	25	21	18	15	15	15	18	21	25	29	33	63	58	53	49	44	40	36	32	28	25	22	20	20	20	22	25	28	32	36	65	60	55	51	47	43	39	35	32	29	26	25	25	25	26	29	32	35	39	67	62	58	54	50	46	42	39	36	33	31	30	30	30	31	33	36	39	42	69	65	61	57	53	49	46	43	40	38	36	35	35	35	36	38	40	43	46	
65	60	55	50	45	40	35	30	25	20	15	10	5	0	5	10	15	20	25	65	60	55	50	45	40	35	30	25	20	15	11	7	5	7	11	15	20	25	65	60	55	50	46	41	36	31	26	22	18	14	11	10	11	14	18	22	26	66	61	57	52	47	42	38	33	29	25	21	18	15	15	15	18	21	25	29	68	63	58	53	49	44	40	36	32	28	25	22	20	20	20	22	25	28	32	69	65	60	55	51	47	43	39	35	32	29	26	25	25	25	26	29	32	35	71	67	62	58	54	50	46	42	39	36	33	31	30	30	30	31	33	36	39	73	69	65	61	57	53	49	46	43	40	38	36	35	35	35	36	38	40	43	
70	65	60	55	50	45	40	35	30	25	20	15	10	5	0	5	10	15	20	70	65	60	55	50	45	40	35	30	25	20	15	11	7	5	7	11	15	20	70	65	60	55	50	46	41	36	31	26	22	18	14	11	10	11	14	18	22	71	66	61	57	52	47	42	38	33	29	25	21	18	15	15	15	18	21	25	72	68	63	58	53	49	44	40	36	32	28	25	22	20	20	20	22	25	28	74	69	65	60	55	51	47	43	39	35	32	29	26	25	25	25	26	29	32	76	71	67	62	58	54	50	46	42	39	36	33	31	30	30	30	31	33	36	78	73	69	65	61	57	53	49	46	43	40	38	36	35	35	35	36	38	40	
75	70	65	60	55	50	45	40	35	30	25	20	15	10	5	0	5	10	15	75	70	65	60	55	50	45	40	35	30	25	20	15	11	7	5	7	11	15	75	70	65	60	55	50	46	41	36	31	26	22	18	14	11	10	11	14	18	76	71	66	61	57	52	47	42	38	33	29	25	21	18	15	15	15	18	21	77	72	68	63	58	53	49	44	40	36	32	28	25	22	20	20	20	22	25	79	74	69	65	60	55	51	47	43	39	35	32	29	26	25	25	25	26	29	80	76	71	67	62	58	54	50	46	42	39	36	33	31	30	30	30	31	33	82	78	73	69	65	61	57	53	49	46	43	40	38	36	35	35	35	36	38	
80	75	70	65	60	55	50	45	40	35	30	25	20	15	10	5	0	5	10	80	75	70	65	60	55	50	45	40	35	30	25	20	15	11	7	5	7	11	80	75	70	65	60	55	50	46	41	36	31	26	22	18	14	11	10	11	14	81	76	71	66	61	57	52	47	42	38	33	29	25	21	18	15	15	15	18	82	77	72	68	63	58	53	49	44	40	36	32	28	25	22	20	20	20	22	83	79	74	69	65	60	55	51	47	43	39	35	32	29	26	25	25	25	26	85	80	76	71	67	62	58	54	50	46	42	39	36	33	31	30	30	30	31	87	82	78	73	69	65	61	57	53	49	46	43	40	38	36	35	35	35	36	
85	80	75	70	65	60	55	50	45	40	35	30	25	20	15	10	5	0	5	85	80	75	70	65	60	55	50	45	40	35	30	25	20	15	11	7	5	7	85	80	75	70	65	60	55	50	46	41	36	31	26	22	18	14	11	10	11	86	81	76	71	66	61	57	52	47	42	38	33	29	25	21	18	15	15	15	87	82	77	72	68	63	58	53	49	44	40	36	32	28	25	22	20	20	20	88	83	79	74	69	65	60	55	51	47	43	39	35	32	29	26	25	25	25	90	85	80	76	71	67	62	58	54	50	46	42	39	36	33	31	30	30	30	91	87	82	78	73	69	65	61	57	53	49	46	43	40	38	36	35	35	35	
90	85	80	75	70	65	60	55	50	45	40	35	30	25	20	15	10	5	0	90	85	80	75	70	65	60	55	50	45	40	35	30	25	20	15	11	7	5	90	85	80	75	70	65	60	55	50	46	41	36	31	26	22	18	14	11	10	91	86	81	76	71	66	61	57	52	47	42	38	33	29	25	21	18	15	15	92	87	82	77	72	68	63	58	53	49	44	40	36	32	28	25	22	20	20	93	88	83	79	74	69	65	60	55	51	47	43	39	35	32	29	26	25	25	94	90	85	80	76	71	67	62	58	54	50	46	42	39	36	33	31	30	30	96	91	87	82	78	73	69	65	61	57	53	49	46	43	40	38	36	35	35	
5	7	11	15	20	25	30	35	40	45	50	55	60	65	70	75	80	85	90	0	5	10	15	20	25	30	35	40	45	50	55	60	65	70	75	80	85	90	5	7	11	15	20	25	30	35	40	45	50	55	60	65	70	75	80	85	90	10	11	14	18	22	26	31	36	41	46	50	55	60	65	70	75	80	85	90	15	15	18	21	25	29	33	38	42	47	52	57	61	66	71	76	81	86	91	20	20	22	25	28	32	36	40	44	49	53	58	63	68	72	77	82	87	92	25	25	26	29	32	35	39	43	47	51	55	60	65	69	74	79	83	88	93	30	30	31	33	36	39	42	46	50	54	58	62	67	71	76	80	85	90	94	
7	5	7	11	15	20	25	30	35	40	45	50	55	60	65	70	75	80	85	5	0	5	10	15	20	25	30	35	40	45	50	55	60	65	70	75	80	85	7	5	7	11	15	20	25	30	35	40	45	50	55	60	65	70	75	80	85	11	10	11	14	18	22	26	31	36	41	46	50	55	60	65	70	75	80	85	15	15	15	18	21	25	29	33	38	42	47	52	57	61	66	71	76	81	86	20	20	20	22	25	28	32	36	40	44	49	53	58	63	68	72	77	82	87	25	25	25	26	29	32	35	39	43	47	51	55	60	65	69	74	79	83	88	30	30	30	31	33	36	39	42	46	50	54	58	62	67	71	76	80	85	90	
11	7	5	7	11	15	20	25	30	35	40	45	50	55	60	65	70	75	80	10	5	0	5	10	15	20	25	30	35	40	45	50	55	60	65	70	75	80	11	7	5	7	11	15	20	25	30	35	40	45	50	55	60	65	70	75	80	14	11	10	11	14	18	22	26	31	36	41	46	50	55	60	65	70	75	80	18	15	15	15	18	21	25	29	33	38	42	47	52	57	61	66	71	76	81	22	20	20	20	22	25	28	32	36	40	44	49	53	58	63	68	72	77	82	26	25	25	25	26	29	32	35	39	43	47	51	55	60	65	69	74	79	83	31	30	30	30	31	33	36	39	42	46	50	54	58	62	67	71	76	80	85	
15	11	7	5	7	11	15	20	25	30	35	40	45	50	55	60	65	70	75	15	10	5	0	5	10	15	20	25	30	35	40	45	50	55	60	65	70	75	15	11	7	5	7	11	15	20	25	30	35	40	45	50	55	60	65	70	75	18	14	11	10	11	14	18	22	26	31	36	41	46	50	55	60	65	70	75	21	18	15	15	15	18	21	25	29	33	38	42	47	52	57	61	66	71	76	25	22	20	20	20	22	25	28	32	36	40	44	49	53	58	63	68	72	77	29	26	25	25	25	26	29	32	35	39	43	47	51	55	60	65	69	74	79	33	31	30	30	30	31	33	36	39	42	46	50	54	58	62	67	71	76	80	
20	15	11	7	5	7	11	15	20	25	30	35	40	45	50	55	60	65	70	20	15	10	5	0	5	10	15	20	25	30	35	40	45	50	55	60	65	70	20	15	11	7	5	7	11	15	20	25	30	35	40	45	50	55	60	65	70	22	18	14	11	10	11	14	18	22	26	31	36	41	46	50	55	60	65	70	25	21	18	15	15	15	18	21	25	29	33	38	42	47	52	57	61	66	71	28	25	22	20	20	20	22	25	28	32	36	40	44	49	53	58	63	68	72	32	29	26	25	25	25	26	29	32	35	39	43	47	51	55	60	65	69	74	36	33	31	30	30	30	31	33	36	39	42	46	50	54	58	62	67	71	76	
25	20	15	11	7	5	7	11	15	20	25	30	35	40	45	50	55	60	65	25	20	15	10	5	0	5	10	15	20	25	30	35	40	45	50	55	60	65	25	20	15	11	7	5	7	11	15	20	25	30	35	40	45	50	55	60	65	26	22	18	14	11	10	11	14	18	22	26	31	36	41	46	50	55	60	65	29	25	21	18	15	15	15	18	21	25	29	33	38	42	47	52	57	61	66	32	28	25	22	20	20	20	22	25	28	32	36	40	44	49	53	58	63	68	35	32	29	26	25	25	25	26	29	32	35	39	43	47	51	55	60	65	69	39	36	33	31	30	30	30	31	33	36	39	42	46	50	54	58	62	67	71	
30	25	20	15	11	7	5	7	11	15	20	25	30	35	40	45	50	55	60	30	25	20	15	10	5	0	5	10	15	20	25	30	35	40	45	50	55	60	30	25	20	15	11	7	5	7	11	15	20	25	30	35	40	45	50	55	60	31	26	22	18	14	11	10	11	14	18	22	26	31	36	41	46	50	55	60	33	29	25	21	18	15	15	15	18	21	25	29	33	38	42	47	52	57	61	36	32	28	25	22	20	20	20	22	25	28	32	36	40	44	49	53	58	63	39	35	32	29	26	25	25	25	26	29	32	35	39	43	47	51	55	60	65	42	39	36	33	31	30	30	30	31	33	36	39	42	46	50	54	58	62	67	
35	30	25	20	15	11	7	5	7	11	15	20	25	30	35	40	45	50	55	35	30	25	20	15	10	5	0	5	10	15	20	25	30	35	40	45	50	55	35	30	25	20	15	11	7	5	7	11	15	20	25	30	35	40	45	50	55	36	31	26	22	18	14	11	10	11	14	18	22	26	31	36	41	46	50	55	38	33	29	25	21	18	15	15	15	18	21	25	29	33	38	42	47	52	57	40	36	32	28	25	22	20	20	20	22	25	28	32	36	40	44	49	53	58	43	39	35	32	29	26	25	25	25	26	29	32	35	39	43	47	51	55	60	46	42	39	36	33	31	30	30	30	31	33	36	39	42	46	50	54	58	62	
40	35	30	25	20	15	11	7	5	7	11	15	20	25	30	35	40	45	50	40	35	30	25	20	15	10	5	0	5	10	15	20	25	30	35	40	45	50	40	35	30	25	20	15	11	7	5	7	11	15	20	25	30	35	40	45	50	41	36	31	26	22	18	14	11	10	11	14	18	22	26	31	36	41	46	50	42	38	33	29	25	21	18	15	15	15	18	21	25	29	33	38	42	47	52	44	40	36	32	28	25	22	20	20	20	22	25	28	32	36	40	44	49	53	47	43	39	35	32	29	26	25	25	25	26	29	32	35	39	43	47	51	55	50	46	42	39	36	33	31	30	30	30	31	33	36	39	42	46	50	54	58	
45	40	35	30	25	20	15	11	7	5	7	11	15	20	25	30	35	40	45	45	40	35	30	25	20	15	10	5	0	5	10	15	20	25	30	35	40	45	45	40	35	30	25	20	15	11	7	5	7	11	15	20	25	30	35	40	45	46	41	36	31	26	22	18	14	11	10	11	14	18	22	26	31	36	41	46	47	42	38	33	29	25	21	18	15	15	15	18	21	25	29	33	38	42	47	49	44	40	36	32	28	25	22	20	20	20	22	25	28	32	36	40	44	49	51	47	43	39	35	32	29	26	25	25	25	26	29	32	35	39	43	47	51	54	50	46	42	39	36	33	31	30	30	30	31	33	36	39	42	46	50	54	
50	45	40	35	30	25	20	15	11	7	5	7	11	15	20	25	30	35	40	50	45	40	35	30	25	20	15	10	5	0	5	10	15	20	25	30	35	40	50	45	40	35	30	25	20	15	11	7	5	7	11	15	20	25	30	35	40	50	46	41	36	31	26	22	18	14	11	10	11	14	18	22	26	31	36	41	52	47	42	38	33	29	25	21	18	15	15	15	18	21	25	29	33	38	42	53	49	44	40	36	32	28	25	22	20	20	20	22	25	28	32	36	40	44	55	51	47	43	39	35	32	29	26	25	25	25	26	29	32	35	39	43	47	58	54	50	46	42	39	36	33	31	30	30	30	31	33	36	39	42	46	50	
55	50	45	40	35	30	25	20	15	11	7	5	7	11	15	20	25	30	35	55	50	45	40	35	30	25	20	15	10	5	0	5	10	15	20	25	30	35	55	50	45	40	35	30	25	20	15	11	7	5	7	11	15	20	25	30	35	55	50	46	41	36	31	26	22	18	14	11	10	11	14	18	22	26	31	36	57	52	47	42	38	33	29	25	21	18	15	15	15	18	21	25	29	33	38	58	53	49	44	40	36	32	28	25	22	20	20	20	22	25	28	32	36	40	60	55	51	47	43	39	35	32	29	26	25	25	25	26	29	32	35	39	43	62	58	54	50	46	42	39	36	33	31	30	30	30	31	33	36	39	42	46	
60	55	50	45	40	35	30	25	20	15	11	7	5	7	11	15	20	25	30	60	55	50	45	40	35	30	25	20	15	10	5	0	5	10	15	20	25	30	60	55	50	45	40	35	30	25	20	15	11	7	5	7	11	15	20	25	30	60	55	50	46	41	36	31	26	22	18	14	11	10	11	14	18	22	26	31	61	57	52	47	42	38	33	29	25	21	18	15	15	15	18	21	25	29	33	63	58	53	49	44	40	36	32	28	25	22	20	20	20	22	25	28	32	36	65	60	55	51	47	43	39	35	32	29	26	25	25	25	26	29	32	35	39	67	62	58	54	50	46	42	39	36	33	31	30	30	30	31	33	36	39	42	
65	60	55	50	45	40	35	30	25	20	15	11	7	5	7	11	15	20	25	65	60	55	50	45	40	35	30	25	20	15	10	5	0	5	10	15	20	25	65	60	55	50	45	40	35	30	25	20	15	11	7	5	7	11	15	20	25	65	60	55	50	46	41	36	31	26	22	18	14	11	10	11	14	18	22	26	66	61	57	52	47	42	38	33	29	25	21	18	15	15	15	18	21	25	29	68	63	58	53	49	44	40	36	32	28	25	22	20	20	20	22	25	28	32	69	65	60	55	51	47	43	39	35	32	29	26	25	25	25	26	29	32	35	71	67	62	58	54	50	46	42	39	36	33	31	30	30	30	31	33	36	39	
70	65	60	55	50	45	40	35	30	25	20	15	11	7	5	7	11	15	20	70	65	60	55	50	45	40	35	30	25	20	15	10	5	0	5	10	15	20	70	65	60	55	50	45	40	35	30	25	20	15	11	7	5	7	11	15	20	70	65	60	55	50	46	41	36	31	26	22	18	14	11	10	11	14	18	22	71	66	61	57	52	47	42	38	33	29	25	21	18	15	15	15	18	21	25	72	68	63	58	53	49	44	40	36	32	28	25	22	20	20	20	22	25	28	74	69	65	60	55	51	47	43	39	35	32	29	26	25	25	25	26	29	32	76	71	67	62	58	54	50	46	42	39	36	33	31	30	30	30	31	33	36	
75	70	65	60	55	50	45	40	35	30	25	20	15	11	7	5	7	11	15	75	70	65	60	55	50	45	40	35	30	25	20	15	10	5	0	5	10	15	75	70	65	60	55	50	45	40	35	30	25	20	15	11	7	5	7	11	15	75	70	65	60	55	50	46	41	36	31	26	22	18	14	11	10	11	14	18	76	71	66	61	57	52	47	42	38	33	29	25	21	18	15	15	15	18	21	77	72	68	63	58	53	49	44	40	36	32	28	25	22	20	20	20	22	25	79	74	69	65	60	55	51	47	43	39	35	32	29	26	25	25	25	26	29	80	76	71	67	62	58	54	50	46	42	39	36	33	31	30	30	30	31	33	
80	75	70	65	60	55	50	45	40	35	30	25	20	15	11	7	5	7	11	80	75	70	65	60	55	50	45	40	35	30	25	20	15	10	5	0	5	10	80	75	70	65	60	55	50	45	40	35	30	25	20	15	11	7	5	7	11	80	75	70	65	60	55	50	46	41	36	31	26	22	18	14	11	10	11	14	81	76	71	66	61	57	52	47	42	38	33	29	25	21	18	15	15	15	18	82	77	72	68	63	58	53	49	44	40	36	32	28	25	22	20	20	20	22	83	79	74	69	65	60	55	51	47	43	39	35	32	29	26	25	25	25	26	85	80	76	71	67	62	58	54	50	46	42	39	36	33	31	30	30	30	31	
85	80	75	70	65	60	55	50	45	40	35	30	25	20	15	11	7	5	7	85	80	75	70	65	60	55	50	45	40	35	30	25	20	15	10	5	0	5	85	80	75	70	65	60	55	50	45	40	35	30	25	20	15	11	7	5	7	85	80	75	70	65	60	55	50	46	41	36	31	26	22	18	14	11	10	11	86	81	76	71	66	61	57	52	47	42	38	33	29	25	21	18	15	15	15	87	82	77	72	68	63	58	53	49	44	40	36	32	28	25	22	20	20	20	88	83	79	74	69	65	60	55	51	47	43	39	35	32	29	26	25	25	25	90	85	80	76	71	67	62	58	54	50	46	42	39	36	33	31	30	30	30	
90	85	80	75	70	65	60	55	50	45	40	35	30	25	20	15	11	7	5	90	85	80	75	70	65	60	55	50	45	40	35	30	25	20	15	10	5	0	90	85	80	75	70	65	60	55	50	45	40	35	30	25	20	15	11	7	5	90	85	80	75	70	65	60	55	50	46	41	36	31	26	22	18	14	11	10	91	86	81	76	71	66	61	57	52	47	42	38	33	29	25	21	18	15	15	92	87	82	77	72	68	63	58	53	49	44	40	36	32	28	25	22	20	20	93	88	83	79	74	69	65	60	55	51	47	43	39	35	32	29	26	25	25	94	90	85	80	76	71	67	62	58	54	50	46	42	39	36	33	31	30	30	
10	11	14	18	22	26	31	36	41	46	50	55	60	65	70	75	80	85	90	5	7	11	15	20	25	30	35	40	45	50	55	60	65	70	75	80	85	90	0	5	10	15	20	25	30	35	40	45	50	55	60	65	70	75	80	85	90	5	7	11	15	20	25	30	35	40	45	50	55	60	65	70	75	80	85	90	10	11	14	18	22	26	31	36	41	46	50	55	60	65	70	75	80	85	90	15	15	18	21	25	29	33	38	42	47	52	57	61	66	71	76	81	86	91	20	20	22	25	28	32	36	40	44	49	53	58	63	68	72	77	82	87	92	25	25	26	29	32	35	39	43	47	51	55	60	65	69	74	79	83	88	93	
11	10	11	14	18	22	26	31	36	41	46	50	55	60	65	70	75	80	85	7	5	7	11	15	20	25	30	35	40	45	50	55	60	65	70	75	80	85	5	0	5	10	15	20	25	30	35	40	45	50	55	60	65	70	75	80	85	7	5	7	11	15	20	25	30	35	40	45	50	55	60	65	70	75	80	85	11	10	11	14	18	22	26	31	36	41	46	50	55	60	65	70	75	80	85	15	15	15	18	21	25	29	33	38	42	47	52	57	61	66	71	76	81	86	20	20	20	22	25	28	32	36	40	44	49	53	58	63	68	72	77	82	87	25	25	25	26	29	32	35	39	43	47	51	55	60	65	69	74	79	83	88	
14	11	10	11	14	18	22	26	31	36	41	46	50	55	60	65	70	75	80	11	7	5	7	11	15	20	25	30	35	40	45	50	55	60	65	70	75	80	10	5	0	5	10	15	20	25	30	35	40	45	50	55	60	65	70	75	80	11	7	5	7	11	15	20	25	30	35	40	45	50	55	60	65	70	75	80	14	11	10	11	14	18	22	26	31	36	41	46	50	55	60	65	70	75	80	18	15	15	15	18	21	25	29	33	38	42	47	52	57	61	66	71	76	81	22	20	20	20	22	25	28	32	36	40	44	49	53	58	63	68	72	77	82	26	25	25	25	26	29	32	35	39	43	47	51	55	60	65	69	74	79	83	
18	14	11	10	11	14	18	22	26	31	36	41	46	50	55	60	65	70	75	15	11	7	5	7	11	15	20	25	30	35	40	45	50	55	60	65	70	75	15	10	5	0	5	10	15	20	25	30	35	40	45	50	55	60	65	70	75	15	11	7	5	7	11	15	20	25	30	35	40	45	50	55	60	65	70	75	18	14	11	10	11	14	18	22	26	31	36	41	46	50	55	60	65	70	75	21	18	15	15	15	18	21	25	29	33	38	42	47	52	57	61	66	71	76	25	22	20	20	20	22	25	28	32	36	40	44	49	53	58	63	68	72	77	29	26	25	25	25	26	29	32	35	39	43	47	51	55	60	65	69	74	79	
22	18	14	11	10	11	14	18	22	26	31	36	41	46	50	55	60	65	70	20	15	11	7	5	7	11	15	20	25	30	35	40	45	50	55	60	65	70	20	15	10	5	0	5	10	15	20	25	30	35	40	45	50	55	60	65	70	20	15	11	7	5	7	11	15	20	25	30	35	40	45	50	55	60	65	70	22	18	14	11	10	11	14	18	22	26	31	36	41	46	50	55	60	65	70	25	21	18	15	15	15	18	21	25	29	33	38	42	47	52	57	61	66	71	28	25	22	20	20	20	22	25	28	32	36	40	44	49	53	58	63	68	72	32	29	26	25	25	25	26	29	32	35	39	43	47	51	55	60	65	69	74	
26	22	18	14	11	10	11	14	18	22	26	31	36	41	46	50	55	60	65	25	20	15	11	7	5	7	11	15	20	25	30	35	40	45	50	55	60	65	25	20	15	10	5	0	5	10	15	20	25	30	35	40	45	50	55	60	65	25	20	15	11	7	5	7	11	15	20	25	30	35	40	45	50	55	60	65	26	22	18	14	11	10	11	14	18	22	26	31	36	41	46	50	55	60	65	29	25	21	18	15	15	15	18	21	25	29	33	38	42	47	52	57	61	66	32	28	25	22	20	20	20	22	25	28	32	36	40	44	49	53	58	63	68	35	32	29	26	25	25	25	26	29	32	35	39	43	47	51	55	60	65	69	
31	26	22	18	14	11	10	11	14	18	22	26	31	36	41	46	50	55	60	30	25	20	15	11	7	5	7	11	15	20	25	30	35	40	45	50	55	60	30	25	20	15	10	5	0	5	10	15	20	25	30	35	40	45	50	55	60	30	25	20	15	11	7	5	7	11	15	20	25	30	35	40	45	50	55	60	31	26	22	18	14	11	10	11	14	18	22	26	31	36	41	46	50	55	60	33	29	25	21	18	15	15	15	18	21	25	29	33	38	42	47	52	57	61	36	32	28	25	22	20	20	20	22	25	28	32	36	40	44	49	53	58	63	39	35	32	29	26	25	25	25	26	29	32	35	39	43	47	51	55	60	65	
36	31	26	22	18	14	11	10	11	14	18	22	26	31	36	41	46	50	55	35	30	25	20	15	11	7	5	7	11	15	20	25	30	35	40	45	50	55	35	30	25	20	15	10	5	0	5	10	15	20	25	30	35	40	45	50	55	35	30	25	20	15	11	7	5	7	11	15	20	25	30	35	40	45	50	55	36	31	26	22	18	14	11	10	11	14	18	22	26	31	36	41	46	50	55	38	33	29	25	21	18	15	15	15	18	21	25	29	33	38	42	47	52	57	40	36	32	28	25	22	20	20	20	22	25	28	32	36	40	44	49	53	58	43	39	35	32	29	26	25	25	25	26	29	32	35	39	43	47	51	55	60	
41	36	31	26	22	18	14	11	10	11	14	18	22	26	31	36	41	46	50	40	35	30	25	20	15	11	7	5	7	11	15	20	25	30	35	40	45	50	40	35	30	25	20	15	10	5	0	5	10	15	20	25	30	35	40	45	50	40	35	30	25	20	15	11	7	5	7	11	15	20	25	30	35	40	45	50	41	36	31	26	22	18	14	11	10	11	14	18	22	26	31	36	41	46	50	42	38	33	29	25	21	18	15	15	15	18	21	25	29	33	38	42	47	52	44	40	36	32	28	25	22	20	20	20	22	25	28	32	36	40	44	49	53	47	43	39	35	32	29	26	25	25	25	26	29	32	35	39	43	47	51	55	
46	41	36	31	26	22	18	14	11	10	11	14	18	22	26	31	36	41	46	45	40	35	30	25	20	15	11	7	5	7	11	15	20	25	30	35	40	45	45	40	35	30	25	20	15	10	5	0	5	10	15	20	25	30	35	40	45	45	40	35	30	25	20	15	11	7	5	7	11	15	20	25	30	35	40	45	46	41	36	31	26	22	18	14	11	10	11	14	18	22	26	31	36	41	46	47	42	38	33	29	25	21	18	15	15	15	18	21	25	29	33	38	42	47	49	44	40	36	32	28	25	22	20	20	20	22	25	28	32	36	40	44	49	51	47	43	39	35	32	29	26	25	25	25	26	29	32	35	39	43	47	51	
50	46	41	36	31	26	22	18	14	11	10	11	14	18	22	26	31	36	41	50	45	40	35	30	25	20	15	11	7	5	7	11	15	20	25	30	35	40	50	45	40	35	30	25	20	15	10	5	0	5	10	15	20	25	30	35	40	50	45	40	35	30	25	20	15	11	7	5	7	11	15	20	25	30	35	40	50	46	41	36	31	26	22	18	14	11	10	11	14	18	22	26	31	36	41	52	47	42	38	33	29	25	21	18	15	15	15	18	21	25	29	33	38	42	53	49	44	40	36	32	28	25	22	20	20	20	22	25	28	32	36	40	44	55	51	47	43	39	35	32	29	26	25	25	25	26	29	32	35	39	43	47	
55	50	46	41	36	31	26	22	18	14	11	10	11	14	18	22	26	31	36	55	50	45	40	35	30	25	20	15	11	7	5	7	11	15	20	25	30	35	55	50	45	40	35	30	25	20	15	10	5	0	5	10	15	20	25	30	35	55	50	45	40	35	30	25	20	15	11	7	5	7	11	15	20	25	30	35	55	50	46	41	36	31	26	22	18	14	11	10	11	14	18	22	26	31	36	57	52	47	42	38	33	29	25	21	18	15	15	15	18	21	25	29	33	38	58	53	49	44	40	36	32	28	25	22	20	20	20	22	25	28	32	36	40	60	55	51	47	43	39	35	32	29	26	25	25	25	26	29	32	35	39	43	
60	55	50	46	41	36	31	26	22	18	14	11	10	11	14	18	22	26	31	60	55	50	45	40	35	30	25	20	15	11	7	5	7	11	15	20	25	30	60	55	50	45	40	35	30	25	20	15	10	5	0	5	10	15	20	25	30	60	55	50	45	40	35	30	25	20	15	11	7	5	7	11	15	20	25	30	60	55	50	46	41	36	31	26	22	18	14	11	10	11	14	18	22	26	31	61	57	52	47	42	38	33	29	25	21	18	15	15	15	18	21	25	29	33	63	58	53	49	44	40	36	32	28	25	22	20	20	20	22	25	28	32	36	65	60	55	51	47	43	39	35	32	29	26	25	25	25	26	29	32	35	39	
65	60	55	50	46	41	36	31	26	22	18	14	11	10	11	14	18	22	26	65	60	55	50	45	40	35	30	25	20	15	11	7	5	7	11	15	20	25	65	60	55	50	45	40	35	30	25	20	15	10	5	0	5	10	15	20	25	65	60	55	50	45	40	35	30	25	20	15	11	7	5	7	11	15	20	25	65	60	55	50	46	41	36	31	26	22	18	14	11	10	11	14	18	22	26	66	61	57	52	47	42	38	33	29	25	21	18	15	15	15	18	21	25	29	68	63	58	53	49	44	40	36	32	28	25	22	20	20	20	22	25	28	32	69	65	60	55	51	47	43	39	35	32	29	26	25	25	25	26	29	32	35	
70	65	60	55	50	46	41	36	31	26	22	18	14	11	10	11	14	18	22	70	65	60	55	50	45	40	35	30	25	20	15	11	7	5	7	11	15	20	70	65	60	55	50	45	40	35	30	25	20	15	10	5	0	5	10	15	20	70	65	60	55	50	45	40	35	30	25	20	15	11	7	5	7	11	15	20	70	65	60	55	50	46	41	36	31	26	22	18	14	11	10	11	14	18	22	71	66	61	57	52	47	42	38	33	29	25	21	18	15	15	15	18	21	25	72	68	63	58	53	49	44	40	36	32	28	25	22	20	20	20	22	25	28	74	69	65	60	55	51	47	43	39	35	32	29	26	25	25	25	26	29	32	
75	70	65	60	55	50	46	41	36	31	26	22	18	14	11	10	11	14	18	75	70	65	60	55	50	45	40	35	30	25	20	15	11	7	5	7	11	15	75	70	65	60	55	50	45	40	35	30	25	20	15	10	5	0	5	10	15	75	70	65	60	55	50	45	40	35	30	25	20	15	11	7	5	7	11	15	75	70	65	60	55	50	46	41	36	31	26	22	18	14	11	10	11	14	18	76	71	66	61	57	52	47	42	38	33	29	25	21	18	15	15	15	18	21	77	72	68	63	58	53	49	44	40	36	32	28	25	22	20	20	20	22	25	79	74	69	65	60	55	51	47	43	39	35	32	29	26	25	25	25	26	29	
80	75	70	65	60	55	50	46	41	36	31	26	22	18	14	11	10	11	14	80	75	70	65	60	55	50	45	40	35	30	25	20	15	11	7	5	7	11	80	75	70	65	60	55	50	45	40	35	30	25	20	15	10	5	0	5	10	80	75	70	65	60	55	50	45	40	35	30	25	20	15	11	7	5	7	11	80	75	70	65	60	55	50	46	41	36	31	26	22	18	14	11	10	11	14	81	76	71	66	61	57	52	47	42	38	33	29	25	21	18	15	15	15	18	82	77	72	68	63	58	53	49	44	40	36	32	28	25	22	20	20	20	22	83	79	74	69	65	60	55	51	47	43	39	35	32	29	26	25	25	25	26	
85	80	75	70	65	60	55	50	46	41	36	31	26	22	18	14	11	10	11	85	80	75	70	65	60	55	50	45	40	35	30	25	20	15	11	7	5	7	85	80	75	70	65	60	55	50	45	40	35	30	25	20	15	10	5	0	5	85	80	75	70	65	60	55	50	45	40	35	30	25	20	15	11	7	5	7	85	80	75	70	65	60	55	50	46	41	36	31	26	22	18	14	11	10	11	86	81	76	71	66	61	57	52	47	42	38	33	29	25	21	18	15	15	15	87	82	77	72	68	63	58	53	49	44	40	36	32	28	25	22	20	20	20	88	83	79	74	69	65	60	55	51	47	43	39	35	32	29	26	25	25	25	
90	85	80	75	70	65	60	55	50	46	41	36	31	26	22	18	14	11	10	90	85	80	75	70	65	60	55	50	45	40	35	30	25	20	15	11	7	5	90	85	80	75	70	65	60	55	50	45	40	35	30	25	20	15	10	5	0	90	85	80	75	70	65	60	55	50	45	40	35	30	25	20	15	11	7	5	90	85	80	75	70	65	60	55	50	46	41	36	31	26	22	18	14	11	10	91	86	81	76	71	66	61	57	52	47	42	38	33	29	25	21	18	15	15	92	87	82	77	72	68	63	58	53	49	44	40	36	32	28	25	22	20	20	93	88	83	79	74	69	65	60	55	51	47	43	39	35	32	29	26	25	25	
15	15	18	21	25	29	33	38	42	47	52	57	61	66	71	76	81	86	91	10	11	14	18	22	26	31	36	41	46	50	55	60	65	70	75	80	85	90	5	7	11	15	20	25	30	35	40	45	50	55	60	65	70	75	80	85	90	0	5	10	15	20	25	30	35	40	45	50	55	60	65	70	75	80	85	90	5	7	11	15	20	25	30	35	40	45	50	55	60	65	70	75	80	85	90	10	11	14	18	22	26	31	36	41	46	50	55	60	65	70	75	80	85	90	15	15	18	21	25	29	33	38	42	47	52	57	61	66	71	76	81	86	91	20	20	22	25	28	32	36	40	44	49	53	58	63	68	72	77	82	87	92	
15	15	15	18	21	25	29	33	38	42	47	52	57	61	66	71	76	81	86	11	10	11	14	18	22	26	31	36	41	46	50	55	60	65	70	75	80	85	7	5	7	11	15	20	25	30	35	40	45	50	55	60	65	70	75	80	85	5	0	5	10	15	20	25	30	35	40	45	50	55	60	65	70	75	80	85	7	5	7	11	15	20	25	30	35	40	45	50	55	60	65	70	75	80	85	11	10	11	14	18	22	26	31	36	41	46	50	55	60	65	70	75	80	85	15	15	15	18	21	25	29	33	38	42	47	52	57	61	66	71	76	81	86	20	20	20	22	25	28	32	36	40	44	49	53	58	63	68	72	77	82	87	
18	15	15	15	18	21	25	29	33	38	42	47	52	57	61	66	71	76	81	14	11	10	11	14	18	22	26	31	36	41	46	50	55	60	65	70	75	80	11	7	5	7	11	15	20	25	30	35	40	45	50	55	60	65	70	75	80	10	5	0	5	10	15	20	25	30	35	40	45	50	55	60	65	70	75	80	11	7	5	7	11	15	20	25	30	35	40	45	50	55	60	65	70	75	80	14	11	10	11	14	18	22	26	31	36	41	46	50	55	60	65	70	75	80	18	15	15	15	18	21	25	29	33	38	42	47	52	57	61	66	71	76	81	22	20	20	20	22	25	28	32	36	40	44	49	53	58	63	68	72	77	82	
21	18	15	15	15	18	21	25	29	33	38	42	47	52	57	61	66	71	76	18	14	11	10	11	14	18	22	26	31	36	41	46	50	55	60	65	70	75	15	11	7	5	7	11	15	20	25	30	35	40	45	50	55	60	65	70	75	15	10	5	0	5	10	15	20	25	30	35	40	45	50	55	60	65	70	75	15	11	7	5	7	11	15	20	25	30	35	40	45	50	55	60	65	70	75	18	14	11	10	11	14	18	22	26	31	36	41	46	50	55	60	65	70	75	21	18	15	15	15	18	21	25	29	33	38	42	47	52	57	61	66	71	76	25	22	20	20	20	22	25	28	32	36	40	44	49	53	58	63	68	72	77	
25	21	18	15	15	15	18	21	25	29	33	38	42	47	52	57	61	66	71	22	18	14	11	10	11	14	18	22	26	31	36	41	46	50	55	60	65	70	20	15	11	7	5	7	11	15	20	25	30	35	40	45	50	55	60	65	70	20	15	10	5	0	5	10	15	20	25	30	35	40	45	50	55	60	65	70	20	15	11	7	5	7	11	15	20	25	30	35	40	45	50	55	60	65	70	22	18	14	11	10	11	14	18	22	26	31	36	41	46	50	55	60	65	70	25	21	18	15	15	15	18	21	25	29	33	38	42	47	52	57	61	66	71	28	25	22	20	20	20	22	25	28	32	36	40	44	49	53	58	63	68	72	
29	25	21	18	15	15	15	18	21	25	29	33	38	42	47	52	57	61	66	26	22	18	14	11	10	11	14	18	22	26	31	36	41	46	50	55	60	65	25	20	15	11	7	5	7	11	15	20	25	30	35	40	45	50	55	60	65	25	20	15	10	5	0	5	10	15	20	25	30	35	40	45	50	55	60	65	25	20	15	11	7	5	7	11	15	20	25	30	35	40	45	50	55	60	65	26	22	18	14	11	10	11	14	18	22	26	31	36	41	46	50	55	60	65	29	25	21	18	15	15	15	18	21	25	29	33	38	42	47	52	57	61	66	32	28	25	22	20	20	20	22	25	28	32	36	40	44	49	53	58	63	68	
33	29	25	21	18	15	15	15	18	21	25	29	33	38	42	47	52	57	61	31	26	22	18	14	11	10	11	14	18	22	26	31	36	41	46	50	55	60	30	25	20	15	11	7	5	7	11	15	20	25	30	35	40	45	50	55	60	30	25	20	15	10	5	0	5	10	15	20	25	30	35	40	45	50	55	60	30	25	20	15	11	7	5	7	11	15	20	25	30	35	40	45	50	55	60	31	26	22	18	14	11	10	11	14	18	22	26	31	36	41	46	50	55	60	33	29	25	21	18	15	15	15	18	21	25	29	33	38	42	47	52	57	61	36	32	28	25	22	20	20	20	22	25	28	32	36	40	44	49	53	58	63	
38	33	29	25	21	18	15	15	15	18	21	25	29	33	38	42	47	52	57	36	31	26	22	18	14	11	10	11	14	18	22	26	31	36	41	46	50	55	35	30	25	20	15	11	7	5	7	11	15	20	25	30	35	40	45	50	55	35	30	25	20	15	10	5	0	5	10	15	20	25	30	35	40	45	50	55	35	30	25	20	15	11	7	5	7	11	15	20	25	30	35	40	45	50	55	36	31	26	22	18	14	11	10	11	14	18	22	26	31	36	41	46	50	55	38	33	29	25	21	18	15	15	15	18	21	25	29	33	38	42	47	52	57	40	36	32	28	25	22	20	20	20	22	25	28	32	36	40	44	49	53	58	
42	38	33	29	25	21	18	15	15	15	18	21	25	29	33	38	42	47	52	41	36	31	26	22	18	14	11	10	11	14	18	22	26	31	36	41	46	50	40	35	30	25	20	15	11	7	5	7	11	15	20	25	30	35	40	45	50	40	35	30	25	20	15	10	5	0	5	10	15	20	25	30	35	40	45	50	40	35	30	25	20	15	11	7	5	7	11	15	20	25	30	35	40	45	50	41	36	31	26	22	18	14	11	10	11	14	18	22	26	31	36	41	46	50	42	38	33	29	25	21	18	15	15	15	18	21	25	29	33	38	42	47	52	44	40	36	32	28	25	22	20	20	20	22	25	28	32	36	40	44	49	53	
47	42	38	33	29	25	21	18	15	15	15	18	21	25	29	33	38	42	47	46	41	36	31	26	22	18	14	11	10	11	14	18	22	26	31	36	41	46	45	40	35	30	25	20	15	11	7	5	7	11	15	20	25	30	35	40	45	45	40	35	30	25	20	15	10	5	0	5	10	15	20	25	30	35	40	45	45	40	35	30	25	20	15	11	7	5	7	11	15	20	25	30	35	40	45	46	41	36	31	26	22	18	14	11	10	11	14	18	22	26	31	36	41	46	47	42	38	33	29	25	21	18	15	15	15	18	21	25	29	33	38	42	47	49	44	40	36	32	28	25	22	20	20	20	22	25	28	32	36	40	44	49	
52	47	42	38	33	29	25	21	18	15	15	15	18	21	25	29	33	38	42	50	46	41	36	31	26	22	18	14	11	10	11	14	18	22	26	31	36	41	50	45	40	35	30	25	20	15	11	7	5	7	11	15	20	25	30	35	40	50	45	40	35	30	25	20	15	10	5	0	5	10	15	20	25	30	35	40	50	45	40	35	30	25	20	15	11	7	5	7	11	15	20	25	30	35	40	50	46	41	36	31	26	22	18	14	11	10	11	14	18	22	26	31	36	41	52	47	42	38	33	29	25	21	18	15	15	15	18	21	25	29	33	38	42	53	49	44	40	36	32	28	25	22	20	20	20	22	25	28	32	36	40	44	
57	52	47	42	38	33	29	25	21	18	15	15	15	18	21	25	29	33	38	55	50	46	41	36	31	26	22	18	14	11	10	11	14	18	22	26	31	36	55	50	45	40	35	30	25	20	15	11	7	5	7	11	15	20	25	30	35	55	50	45	40	35	30	25	20	15	10	5	0	5	10	15	20	25	30	35	55	50	45	40	35	30	25	20	15	11	7	5	7	11	15	20	25	30	35	55	50	46	41	36	31	26	22	18	14	11	10	11	14	18	22	26	31	36	57	52	47	42	38	33	29	25	21	18	15	15	15	18	21	25	29	33	38	58	53	49	44	40	36	32	28	25	22	20	20	20	22	25	28	32	36	40	
61	57	52	47	42	38	33	29	25	21	18	15	15	15	18	21	25	29	33	60	55	50	46	41	36	31	26	22	18	14	11	10	11	14	18	22	26	31	60	55	50	45	40	35	30	25	20	15	11	7	5	7	11	15	20	25	30	60	55	50	45	40	35	30	25	20	15	10	5	0	5	10	15	20	25	30	60	55	50	45	40	35	30	25	20	15	11	7	5	7	11	15	20	25	30	60	55	50	46	41	36	31	26	22	18	14	11	10	11	14	18	22	26	31	61	57	52	47	42	38	33	29	25	21	18	15	15	15	18	21	25	29	33	63	58	53	49	44	40	36	32	28	25	22	20	20	20	22	25	28	32	36	
66	61	57	52	47	42	38	33	29	25	21	18	15	15	15	18	21	25	29	65	60	55	50	46	41	36	31	26	22	18	14	11	10	11	14	18	22	26	65	60	55	50	45	40	35	30	25	20	15	11	7	5	7	11	15	20	25	65	60	55	50	45	40	35	30	25	20	15	10	5	0	5	10	15	20	25	65	60	55	50	45	40	35	30	25	20	15	11	7	5	7	11	15	20	25	65	60	55	50	46	41	36	31	26	22	18	14	11	10	11	14	18	22	26	66	61	57	52	47	42	38	33	29	25	21	18	15	15	15	18	21	25	29	68	63	58	53	49	44	40	36	32	28	25	22	20	20	20	22	25	28	32	
71	66	61	57	52	47	42	38	33	29	25	21	18	15	15	15	18	21	25	70	65	60	55	50	46	41	36	31	26	22	18	14	11	10	11	14	18	22	70	65	60	55	50	45	40	35	30	25	20	15	11	7	5	7	11	15	20	70	65	60	55	50	45	40	35	30	25	20	15	10	5	0	5	10	15	20	70	65	60	55	50	45	40	35	30	25	20	15	11	7	5	7	11	15	20	70	65	60	55	50	46	41	36	31	26	22	18	14	11	10	11	14	18	22	71	66	61	57	52	47	42	38	33	29	25	21	18	15	15	15	18	21	25	72	68	63	58	53	49	44	40	36	32	28	25	22	20	20	20	22	25	28	
76	71	66	61	57	52	47	42	38	33	29	25	21	18	15	15	15	18	21	75	70	65	60	55	50	46	41	36	31	26	22	18	14	11	10	11	14	18	75	70	65	60	55	50	45	40	35	30	25	20	15	11	7	5	7	11	15	75	70	65	60	55	50	45	40	35	30	25	20	15	10	5	0	5	10	15	75	70	65	60	55	50	45	40	35	30	25	20	15	11	7	5	7	11	15	75	70	65	60	55	50	46	41	36	31	26	22	18	14	11	10	11	14	18	76	71	66	61	57	52	47	42	38	33	29	25	21	18	15	15	15	18	21	77	72	68	63	58	53	49	44	40	36	32	28	25	22	20	20	20	22	25	
81	76	71	66	61	57	52	47	42	38	33	29	25	21	18	15	15	15	18	80	75	70	65	60	55	50	46	41	36	31	26	22	18	14	11	10	11	14	80	75	70	65	60	55	50	45	40	35	30	25	20	15	11	7	5	7	11	80	75	70	65	60	55	50	45	40	35	30	25	20	15	10	5	0	5	10	80	75	70	65	60	55	50	45	40	35	30	25	20	15	11	7	5	7	11	80	75	70	65	60	55	50	46	41	36	31	26	22	18	14	11	10	11	14	81	76	71	66	61	57	52	47	42	38	33	29	25	21	18	15	15	15	18	82	77	72	68	63	58	53	49	44	40	36	32	28	25	22	20	20	20	22	
86	81	76	71	66	61	57	52	47	42	38	33	29	25	21	18	15	15	15	85	80	75	70	65	60	55	50	46	41	36	31	26	22	18	14	11	10	11	85	80	75	70	65	60	55	50	45	40	35	30	25	20	15	11	7	5	7	85	80	75	70	65	60	55	50	45	40	35	30	25	20	15	10	5	0	5	85	80	75	70	65	60	55	50	45	40	35	30	25	20	15	11	7	5	7	85	80	75	70	65	60	55	50	46	41	36	31	26	22	18	14	11	10	11	86	81	76	71	66	61	57	52	47	42	38	33	29	25	21	18	15	15	15	87	82	77	72	68	63	58	53	49	44	40	36	32	28	25	22	20	20	20	
91	86	81	76	71	66	61	57	52	47	42	38	33	29	25	21	18	15	15	90	85	80	75	70	65	60	55	50	46	41	36	31	26	22	18	14	11	10	90	85	80	75	70	65	60	55	50	45	40	35	30	25	20	15	11	7	5	90	85	80	75	70	65	60	55	50	45	40	35	30	25	20	15	10	5	0	90	85	80	75	70	65	60	55	50	45	40	35	30	25	20	15	11	7	5	90	85	80	75	70	65	60	55	50	46	41	36	31	26	22	18	14	11	10	91	86	81	76	71	66	61	57	52	47	42	38	33	29	25	21	18	15	15	92	87	82	77	72	68	63	58	53	49	44	40	36	32	28	25	22	20	20	
20	20	22	25	28	32	36	40	44	49	53	58	63	68	72	77	82	87	92	15	15	18	21	25	29	33	38	42	47	52	57	61	66	71	76	81	86	91	10	11	14	18	22	26	31	36	41	46	50	55	60	65	70	75	80	85	90	5	7	11	15	20	25	30	35	40	45	50	55	60	65	70	75	80	85	90	0	5	10	15	20	25	30	35	40	45	50	55	60	65	70	75	80	85	90	5	7	11	15	20	25	30	35	40	45	50	55	60	65	70	75	80	85	90	10	11	14	18	22	26	31	36	41	46	50	55	60	65	70	75	80	85	90	15	15	18	21	25	29	33	38	42	47	52	57	61	66	71	76	81	86	91	
20	20	20	22	25	28	32	36	40	44	49	53	58	63	68	72	77	82	87	15	15	15	18	21	25	29	33	38	42	47	52	57	61	66	71	76	81	86	11	10	11	14	18	22	26	31	36	41	46	50	55	60	65	70	75	80	85	7	5	7	11	15	20	25	30	35	40	45	50	55	60	65	70	75	80	85	5	0	5	10	15	20	25	30	35	40	45	50	55	60	65	70	75	80	85	7	5	7	11	15	20	25	30	35	40	45	50	55	60	65	70	75	80	85	11	10	11	14	18	22	26	31	36	41	46	50	55	60	65	70	75	80	85	15	15	15	18	21	25	29	33	38	42	47	52	57	61	66	71	76	81	86	
22	20	20	20	22	25	28	32	36	40	44	49	53	58	63	68	72	77	82	18	15	15	15	18	21	25	29	33	38	42	47	52	57	61	66	71	76	81	14	11	10	11	14	18	22	26	31	36	41	46	50	55	60	65	70	75	80	11	7	5	7	11	15	20	25	30	35	40	45	50	55	60	65	70	75	80	10	5	0	5	10	15	20	25	30	35	40	45	50	55	60	65	70	75	80	11	7	5	7	11	15	20	25	30	35	40	45	50	55	60	65	70	75	80	14	11	10	11	14	18	22	26	31	36	41	46	50	55	60	65	70	75	80	18	15	15	15	18	21	25	29	33	38	42	47	52	57	61	66	71	76	81	
25	22	20	20	20	22	25	28	32	36	40	44	49	53	58	63	68	72	77	21	18	15	15	15	18	21	25	29	33	38	42	47	52	57	61	66	71	76	18	14	11	10	11	14	18	22	26	31	36	41	46	50	55	60	65	70	75	15	11	7	5	7	11	15	20	25	30	35	40	45	50	55	60	65	70	75	15	10	5	0	5	10	15	20	25	30	35	40	45	50	55	60	65	70	75	15	11	7	5	7	11	15	20	25	30	35	40	45	50	55	60	65	70	75	18	14	11	10	11	14	18	22	26	31	36	41	46	50	55	60	65	70	75	21	18	15	15	15	18	21	25	29	33	38	42	47	52	57	61	66	71	76	
28	25	22	20	20	20	22	25	28	32	36	40	44	49	53	58	63	68	72	25	21	18	15	15	15	18	21	25	29	33	38	42	47	52	57	61	66	71	22	18	14	11	10	11	14	18	22	26	31	36	41	46	50	55	60	65	70	20	15	11	7	5	7	11	15	20	25	30	35	40	45	50	55	60	65	70	20	15	10	5	0	5	10	15	20	25	30	35	40	45	50	55	60	65	70	20	15	11	7	5	7	11	15	20	25	30	35	40	45	50	55	60	65	70	22	18	14	11	10	11	14	18	22	26	31	36	41	46	50	55	60	65	70	25	21	18	15	15	15	18	21	25	29	33	38	42	47	52	57	61	66	71	
32	28	25	22	20	20	20	22	25	28	32	36	40	44	49	53	58	63	68	29	25	21	18	15	15	15	18	21	25	29	33	38	42	47	52	57	61	66	26	22	18	14	11	10	11	14	18	22	26	31	36	41	46	50	55	60	65	25	20	15	11	7	5	7	11	15	20	25	30	35	40	45	50	55	60	65	25	20	15	10	5	0	5	10	15	20	25	30	35	40	45	50	55	60	65	25	20	15	11	7	5	7	11	15	20	25	30	35	40	45	50	55	60	65	26	22	18	14	11	10	11	14	18	22	26	31	36	41	46	50	55	60	65	29	25	21	18	15	15	15	18	21	25	29	33	38	42	47	52	57	61	66	
36	32	28	25	22	20	20	20	22	25	28	32	36	40	44	49	53	58	63	33	29	25	21	18	15	15	15	18	21	25	29	33	38	42	47	52	57	61	31	26	22	18	14	11	10	11	14	18	22	26	31	36	41	46	50	55	60	30	25	20	15	11	7	5	7	11	15	20	25	30	35	40	45	50	55	60	30	25	20	15	10	5	0	5	10	15	20	25	30	35	40	45	50	55	60	30	25	20	15	11	7	5	7	11	15	20	25	30	35	40	45	50	55	60	31	26	22	18	14	11	10	11	14	18	22	26	31	36	41	46	50	55	60	33	29	25	21	18	15	15	15	18	21	25	29	33	38	42	47	52	57	61	
40	36	32	28	25	22	20	20	20	22	25	28	32	36	40	44	49	53	58	38	33	29	25	21	18	15	15	15	18	21	25	29	33	38	42	47	52	57	36	31	26	22	18	14	11	10	11	14	18	22	26	31	36	41	46	50	55	35	30	25	20	15	11	7	5	7	11	15	20	25	30	35	40	45	50	55	35	30	25	20	15	10	5	0	5	10	15	20	25	30	35	40	45	50	55	35	30	25	20	15	11	7	5	7	11	15	20	25	30	35	40	45	50	55	36	31	26	22	18	14	11	10	11	14	18	22	26	31	36	41	46	50	55	38	33	29	25	21	18	15	15	15	18	21	25	29	33	38	42	47	52	57	
44	40	36	32	28	25	22	20	20	20	22	25	28	32	36	40	44	49	53	42	38	33	29	25	21	18	15	15	15	18	21	25	29	33	38	42	47	52	41	36	31	26	22	18	14	11	10	11	14	18	22	26	31	36	41	46	50	40	35	30	25	20	15	11	7	5	7	11	15	20	25	30	35	40	45	50	40	35	30	25	20	15	10	5	0	5	10	15	20	25	30	35	40	45	50	40	35	30	25	20	15	11	7	5	7	11	15	20	25	30	35	40	45	50	41	36	31	26	22	18	14	11	10	11	14	18	22	26	31	36	41	46	50	42	38	33	29	25	21	18	15	15	15	18	21	25	29	33	38	42	47	52	
49	44	40	36	32	28	25	22	20	20	20	22	25	28	32	36	40	44	49	47	42	38	33	29	25	21	18	15	15	15	18	21	25	29	33	38	42	47	46	41	36	31	26	22	18	14	11	10	11	14	18	22	26	31	36	41	46	45	40	35	30	25	20	15	11	7	5	7	11	15	20	25	30	35	40	45	45	40	35	30	25	20	15	10	5	0	5	10	15	20	25	30	35	40	45	45	40	35	30	25	20	15	11	7	5	7	11	15	20	25	30	35	40	45	46	41	36	31	26	22	18	14	11	10	11	14	18	22	26	31	36	41	46	47	42	38	33	29	25	21	18	15	15	15	18	21	25	29	33	38	42	47	
53	49	44	40	36	32	28	25	22	20	20	20	22	25	28	32	36	40	44	52	47	42	38	33	29	25	21	18	15	15	15	18	21	25	29	33	38	42	50	46	41	36	31	26	22	18	14	11	10	11	14	18	22	26	31	36	41	50	45	40	35	30	25	20	15	11	7	5	7	11	15	20	25	30	35	40	50	45	40	35	30	25	20	15	10	5	0	5	10	15	20	25	30	35	40	50	45	40	35	30	25	20	15	11	7	5	7	11	15	20	25	30	35	40	50	46	41	36	31	26	22	18	14	11	10	11	14	18	22	26	31	36	41	52	47	42	38	33	29	25	21	18	15	15	15	18	21	25	29	33	38	42	
58	53	49	44	40	36	32	28	25	22	20	20	20	22	25	28	32	36	40	57	52	47	42	38	33	29	25	21	18	15	15	15	18	21	25	29	33	38	55	50	46	41	36	31	26	22	18	14	11	10	11	14	18	22	26	31	36	55	50	45	40	35	30	25	20	15	11	7	5	7	11	15	20	25	30	35	55	50	45	40	35	30	25	20	15	10	5	0	5	10	15	20	25	30	35	55	50	45	40	35	30	25	20	15	11	7	5	7	11	15	20	25	30	35	55	50	46	41	36	31	26	22	18	14	11	10	11	14	18	22	26	31	36	57	52	47	42	38	33	29	25	21	18	15	15	15	18	21	25	29	33	38	
63	58	53	49	44	40	36	32	28	25	22	20	20	20	22	25	28	32	36	61	57	52	47	42	38	33	29	25	21	18	15	15	15	18	21	25	29	33	60	55	50	46	41	36	31	26	22	18	14	11	10	11	14	18	22	26	31	60	55	50	45	40	35	30	25	20	15	11	7	5	7	11	15	20	25	30	60	55	50	45	40	35	30	25	20	15	10	5	0	5	10	15	20	25	30	60	55	50	45	40	35	30	25	20	15	11	7	5	7	11	15	20	25	30	60	55	50	46	41	36	31	26	22	18	14	11	10	11	14	18	22	26	31	61	57	52	47	42	38	33	29	25	21	18	15	15	15	18	21	25	29	33	
68	63	58	53	49	44	40	36	32	28	25	22	20	20	20	22	25	28	32	66	61	57	52	47	42	38	33	29	25	21	18	15	15	15	18	21	25	29	65	60	55	50	46	41	36	31	26	22	18	14	11	10	11	14	18	22	26	65	60	55	50	45	40	35	30	25	20	15	11	7	5	7	11	15	20	25	65	60	55	50	45	40	35	30	25	20	15	10	5	0	5	10	15	20	25	65	60	55	50	45	40	35	30	25	20	15	11	7	5	7	11	15	20	25	65	60	55	50	46	41	36	31	26	22	18	14	11	10	11	14	18	22	26	66	61	57	52	47	42	38	33	29	25	21	18	15	15	15	18	21	25	29	
72	68	63	58	53	49	44	40	36	32	28	25	22	20	20	20	22	25	28	71	66	61	57	52	47	42	38	33	29	25	21	18	15	15	15	18	21	25	70	65	60	55	50	46	41	36	31	26	22	18	14	11	10	11	14	18	22	70	65	60	55	50	45	40	35	30	25	20	15	11	7	5	7	11	15	20	70	65	60	55	50	45	40	35	30	25	20	15	10	5	0	5	10	15	20	70	65	60	55	50	45	40	35	30	25	20	15	11	7	5	7	11	15	20	70	65	60	55	50	46	41	36	31	26	22	18	14	11	10	11	14	18	22	71	66	61	57	52	47	42	38	33	29	25	21	18	15	15	15	18	21	25	
77	72	68	63	58	53	49	44	40	36	32	28	25	22	20	20	20	22	25	76	71	66	61	57	52	47	42	38	33	29	25	21	18	15	15	15	18	21	75	70	65	60	55	50	46	41	36	31	26	22	18	14	11	10	11	14	18	75	70	65	60	55	50	45	40	35	30	25	20	15	11	7	5	7	11	15	75	70	65	60	55	50	45	40	35	30	25	20	15	10	5	0	5	10	15	75	70	65	60	55	50	45	40	35	30	25	20	15	11	7	5	7	11	15	75	70	65	60	55	50	46	41	36	31	26	22	18	14	11	10	11	14	18	76	71	66	61	57	52	47	42	38	33	29	25	21	18	15	15	15	18	21	
82	77	72	68	63	58	53	49	44	40	36	32	28	25	22	20	20	20	22	81	76	71	66	61	57	52	47	42	38	33	29	25	21	18	15	15	15	18	80	75	70	65	60	55	50	46	41	36	31	26	22	18	14	11	10	11	14	80	75	70	65	60	55	50	45	40	35	30	25	20	15	11	7	5	7	11	80	75	70	65	60	55	50	45	40	35	30	25	20	15	10	5	0	5	10	80	75	70	65	60	55	50	45	40	35	30	25	20	15	11	7	5	7	11	80	75	70	65	60	55	50	46	41	36	31	26	22	18	14	11	10	11	14	81	76	71	66	61	57	52	47	42	38	33	29	25	21	18	15	15	15	18	
87	82	77	72	68	63	58	53	49	44	40	36	32	28	25	22	20	20	20	86	81	76	71	66	61	57	52	47	42	38	33	29	25	21	18	15	15	15	85	80	75	70	65	60	55	50	46	41	36	31	26	22	18	14	11	10	11	85	80	75	70	65	60	55	50	45	40	35	30	25	20	15	11	7	5	7	85	80	75	70	65	60	55	50	45	40	35	30	25	20	15	10	5	0	5	85	80	75	70	65	60	55	50	45	40	35	30	25	20	15	11	7	5	7	85	80	75	70	65	60	55	50	46	41	36	31	26	22	18	14	11	10	11	86	81	76	71	66	61	57	52	47	42	38	33	29	25	21	18	15	15	15	
92	87	82	77	72	68	63	58	53	49	44	40	36	32	28	25	22	20	20	91	86	81	76	71	66	61	57	52	47	42	38	33	29	25	21	18	15	15	90	85	80	75	70	65	60	55	50	46	41	36	31	26	22	18	14	11	10	90	85	80	75	70	65	60	55	50	45	40	35	30	25	20	15	11	7	5	90	85	80	75	70	65	60	55	50	45	40	35	30	25	20	15	10	5	0	90	85	80	75	70	65	60	55	50	45	40	35	30	25	20	15	11	7	5	90	85	80	75	70	65	60	55	50	46	41	36	31	26	22	18	14	11	10	91	86	81	76	71	66	61	57	52	47	42	38	33	29	25	21	18	15	15	
25	25	26	29	32	35	39	43	47	51	55	60	65	69	74	79	83	88	93	20	20	22	25	28	32	36	40	44	49	53	58	63	68	72	77	82	87	92	15	15	18	21	25	29	33	38	42	47	52	57	61	66	71	76	81	86	91	10	11	14	18	22	26	31	36	41	46	50	55	60	65	70	75	80	85	90	5	7	11	15	20	25	30	35	40	45	50	55	60	65	70	75	80	85	90	0	5	10	15	20	25	30	35	40	45	50	55	60	65	70	75	80	85	90	5	7	11	15	20	25	30	35	40	45	50	55	60	65	70	75	80	85	90	10	11	14	18	22	26	31	36	41	46	50	55	60	65	70	75	80	85	90	
25	25	25	26	29	32	35	39	43	47	51	55	60	65	69	74	79	83	88	20	20	20	22	25	28	32	36	40	44	49	53	58	63	68	72	77	82	87	15	15	15	18	21	25	29	33	38	42	47	52	57	61	66	71	76	81	86	11	10	11	14	18	22	26	31	36	41	46	50	55	60	65	70	75	80	85	7	5	7	11	15	20	25	30	35	40	45	50	55	60	65	70	75	80	85	5	0	5	10	15	20	25	30	35	40	45	50	55	60	65	70	75	80	85	7	5	7	11	15	20	25	30	35	40	45	50	55	60	65	70	75	80	85	11	10	11	14	18	22	26	31	36	41	46	50	55	60	65	70	75	80	85	
26	25	25	25	26	29	32	35	39	43	47	51	55	60	65	69	74	79	83	22	20	20	20	22	25	28	32	36	40	44	49	53	58	63	68	72	77	82	18	15	15	15	18	21	25	29	33	38	42	47	52	57	61	66	71	76	81	14	11	10	11	14	18	22	26	31	36	41	46	50	55	60	65	70	75	80	11	7	5	7	11	15	20	25	30	35	40	45	50	55	60	65	70	75	80	10	5	0	5	10	15	20	25	30	35	40	45	50	55	60	65	70	75	80	11	7	5	7	11	15	20	25	30	35	40	45	50	55	60	65	70	75	80	14	11	10	11	14	18	22	26	31	36	41	46	50	55	60	65	70	75	80	
29	26	25	25	25	26	29	32	35	39	43	47	51	55	60	65	69	74	79	25	22	20	20	20	22	25	28	32	36	40	44	49	53	58	63	68	72	77	21	18	15	15	15	18	21	25	29	33	38	42	47	52	57	61	66	71	76	18	14	11	10	11	14	18	22	26	31	36	41	46	50	55	60	65	70	75	15	11	7	5	7	11	15	20	25	30	35	40	45	50	55	60	65	70	75	15	10	5	0	5	10	15	20	25	30	35	40	45	50	55	60	65	70	75	15	11	7	5	7	11	15	20	25	30	35	40	45	50	55	60	65	70	75	18	14	11	10	11	14	18	22	26	31	36	41	46	50	55	60	65	70	75	
32	29	26	25	25	25	26	29	32	35	39	43	47	51	55	60	65	69	74	28	25	22	20	20	20	22	25	28	32	36	40	44	49	53	58	63	68	72	25	21	18	15	15	15	18	21	25	29	33	38	42	47	52	57	61	66	71	22	18	14	11	10	11	14	18	22	26	31	36	41	46	50	55	60	65	70	20	15	11	7	5	7	11	15	20	25	30	35	40	45	50	55	60	65	70	20	15	10	5	0	5	10	15	20	25	30	35	40	45	50	55	60	65	70	20	15	11	7	5	7	11	15	20	25	30	35	40	45	50	55	60	65	70	22	18	14	11	10	11	14	18	22	26	31	36	41	46	50	55	60	65	70	
35	32	29	26	25	25	25	26	29	32	35	39	43	47	51	55	60	65	69	32	28	25	22	20	20	20	22	25	28	32	36	40	44	49	53	58	63	68	29	25	21	18	15	15	15	18	21	25	29	33	38	42	47	52	57	61	66	26	22	18	14	11	10	11	14	18	22	26	31	36	41	46	50	55	60	65	25	20	15	11	7	5	7	11	15	20	25	30	35	40	45	50	55	60	65	25	20	15	10	5	0	5	10	15	20	25	30	35	40	45	50	55	60	65	25	20	15	11	7	5	7	11	15	20	25	30	35	40	45	50	55	60	65	26	22	18	14	11	10	11	14	18	22	26	31	36	41	46	50	55	60	65	
39	35	32	29	26	25	25	25	26	29	32	35	39	43	47	51	55	60	65	36	32	28	25	22	20	20	20	22	25	28	32	36	40	44	49	53	58	63	33	29	25	21	18	15	15	15	18	21	25	29	33	38	42	47	52	57	61	31	26	22	18	14	11	10	11	14	18	22	26	31	36	41	46	50	55	60	30	25	20	15	11	7	5	7	11	15	20	25	30	35	40	45	50	55	60	30	25	20	15	10	5	0	5	10	15	20	25	30	35	40	45	50	55	60	30	25	20	15	11	7	5	7	11	15	20	25	30	35	40	45	50	55	60	31	26	22	18	14	11	10	11	14	18	22	26	31	36	41	46	50	55	60	
43	39	35	32	29	26	25	25	25	26	29	32	35	39	43	47	51	55	60	40	36	32	28	25	22	20	20	20	22	25	28	32	36	40	44	49	53	58	38	33	29	25	21	18	15	15	15	18	21	25	29	33	38	42	47	52	57	36	31	26	22	18	14	11	10	11	14	18	22	26	31	36	41	46	50	55	35	30	25	20	15	11	7	5	7	11	15	20	25	30	35	40	45	50	55	35	30	25	20	15	10	5	0	5	10	15	20	25	30	35	40	45	50	55	35	30	25	20	15	11	7	5	7	11	15	20	25	30	35	40	45	50	55	36	31	26	22	18	14	11	10	11	14	18	22	26	31	36	41	46	50	55	
47	43	39	35	32	29	26	25	25	25	26	29	32	35	39	43	47	51	55	44	40	36	32	28	25	22	20	20	20	22	25	28	32	36	40	44	49	53	42	38	33	29	25	21	18	15	15	15	18	21	25	29	33	38	42	47	52	41	36	31	26	22	18	14	11	10	11	14	18	22	26	31	36	41	46	50	40	35	30	25	20	15	11	7	5	7	11	15	20	25	30	35	40	45	50	40	35	30	25	20	15	10	5	0	5	10	15	20	25	30	35	40	45	50	40	35	30	25	20	15	11	7	5	7	11	15	20	25	30	35	40	45	50	41	36	31	26	22	18	14	11	10	11	14	18	22	26	31	36	41	46	50	
51	47	43	39	35	32	29	26	25	25	25	26	29	32	35	39	43	47	51	49	44	40	36	32	28	25	22	20	20	20	22	25	28	32	36	40	44	49	47	42	38	33	29	25	21	18	15	15	15	18	21	25	29	33	38	42	47	46	41	36	31	26	22	18	14	11	10	11	14	18	22	26	31	36	41	46	45	40	35	30	25	20	15	11	7	5	7	11	15	20	25	30	35	40	45	45	40	35	30	25	20	15	10	5	0	5	10	15	20	25	30	35	40	45	45	40	35	30	25	20	15	11	7	5	7	11	15	20	25	30	35	40	45	46	41	36	31	26	22	18	14	11	10	11	14	18	22	26	31	36	41	46	
55	51	47	43	39	35	32	29	26	25	25	25	26	29	32	35	39	43	47	53	49	44	40	36	32	28	25	22	20	20	20	22	25	28	32	36	40	44	52	47	42	38	33	29	25	21	18	15	15	15	18	21	25	29	33	38	42	50	46	41	36	31	26	22	18	14	11	10	11	14	18	22	26	31	36	41	50	45	40	35	30	25	20	15	11	7	5	7	11	15	20	25	30	35	40	50	45	40	35	30	25	20	15	10	5	0	5	10	15	20	25	30	35	40	50	45	40	35	30	25	20	15	11	7	5	7	11	15	20	25	30	35	40	50	46	41	36	31	26	22	18	14	11	10	11	14	18	22	26	31	36	41	
60	55	51	47	43	39	35	32	29	26	25	25	25	26	29	32	35	39	43	58	53	49	44	40	36	32	28	25	22	20	20	20	22	25	28	32	36	40	57	52	47	42	38	33	29	25	21	18	15	15	15	18	21	25	29	33	38	55	50	46	41	36	31	26	22	18	14	11	10	11	14	18	22	26	31	36	55	50	45	40	35	30	25	20	15	11	7	5	7	11	15	20	25	30	35	55	50	45	40	35	30	25	20	15	10	5	0	5	10	15	20	25	30	35	55	50	45	40	35	30	25	20	15	11	7	5	7	11	15	20	25	30	35	55	50	46	41	36	31	26	22	18	14	11	10	11	14	18	22	26	31	36	
65	60	55	51	47	43	39	35	32	29	26	25	25	25	26	29	32	35	39	63	58	53	49	44	40	36	32	28	25	22	20	20	20	22	25	28	32	36	61	57	52	47	42	38	33	29	25	21	18	15	15	15	18	21	25	29	33	60	55	50	46	41	36	31	26	22	18	14	11	10	11	14	18	22	26	31	60	55	50	45	40	35	30	25	20	15	11	7	5	7	11	15	20	25	30	60	55	50	45	40	35	30	25	20	15	10	5	0	5	10	15	20	25	30	60	55	50	45	40	35	30	25	20	15	11	7	5	7	11	15	20	25	30	60	55	50	46	41	36	31	26	22	18	14	11	10	11	14	18	22	26	31	
69	65	60	55	51	47	43	39	35	32	29	26	25	25	25	26	29	32	35	68	63	58	53	49	44	40	36	32	28	25	22	20	20	20	22	25	28	32	66	61	57	52	47	42	38	33	29	25	21	18	15	15	15	18	21	25	29	65	60	55	50	46	41	36	31	26	22	18	14	11	10	11	14	18	22	26	65	60	55	50	45	40	35	30	25	20	15	11	7	5	7	11	15	20	25	65	60	55	50	45	40	35	30	25	20	15	10	5	0	5	10	15	20	25	65	60	55	50	45	40	35	30	25	20	15	11	7	5	7	11	15	20	25	65	60	55	50	46	41	36	31	26	22	18	14	11	10	11	14	18	22	26	
74	69	65	60	55	51	47	43	39	35	32	29	26	25	25	25	26	29	32	72	68	63	58	53	49	44	40	36	32	28	25	22	20	20	20	22	25	28	71	66	61	57	52	47	42	38	33	29	25	21	18	15	15	15	18	21	25	70	65	60	55	50	46	41	36	31	26	22	18	14	11	10	11	14	18	22	70	65	60	55	50	45	40	35	30	25	20	15	11	7	5	7	11	15	20	70	65	60	55	50	45	40	35	30	25	20	15	10	5	0	5	10	15	20	70	65	60	55	50	45	40	35	30	25	20	15	11	7	5	7	11	15	20	70	65	60	55	50	46	41	36	31	26	22	18	14	11	10	11	14	18	22	
79	74	69	65	60	55	51	47	43	39	35	32	29	26	25	25	25	26	29	77	72	68	63	58	53	49	44	40	36	32	28	25	22	20	20	20	22	25	76	71	66	61	57	52	47	42	38	33	29	25	21	18	15	15	15	18	21	75	70	65	60	55	50	46	41	36	31	26	22	18	14	11	10	11	14	18	75	70	65	60	55	50	45	40	35	30	25	20	15	11	7	5	7	11	15	75	70	65	60	55	50	45	40	35	30	25	20	15	10	5	0	5	10	15	75	70	65	60	55	50	45	40	35	30	25	20	15	11	7	5	7	11	15	75	70	65	60	55	50	46	41	36	31	26	22	18	14	11	10	11	14	18	
83	79	74	69	65	60	55	51	47	43	39	35	32	29	26	25	25	25	26	82	77	72	68	63	58	53	49	44	40	36	32	28	25	22	20	20	20	22	81	76	71	66	61	57	52	47	42	38	33	29	25	21	18	15	15	15	18	80	75	70	65	60	55	50	46	41	36	31	26	22	18	14	11	10	11	14	80	75	70	65	60	55	50	45	40	35	30	25	20	15	11	7	5	7	11	80	75	70	65	60	55	50	45	40	35	30	25	20	15	10	5	0	5	10	80	75	70	65	60	55	50	45	40	35	30	25	20	15	11	7	5	7	11	80	75	70	65	60	55	50	46	41	36	31	26	22	18	14	11	10	11	14	
88	83	79	74	69	65	60	55	51	47	43	39	35	32	29	26	25	25	25	87	82	77	72	68	63	58	53	49	44	40	36	32	28	25	22	20	20	20	86	81	76	71	66	61	57	52	47	42	38	33	29	25	21	18	15	15	15	85	80	75	70	65	60	55	50	46	41	36	31	26	22	18	14	11	10	11	85	80	75	70	65	60	55	50	45	40	35	30	25	20	15	11	7	5	7	85	80	75	70	65	60	55	50	45	40	35	30	25	20	15	10	5	0	5	85	80	75	70	65	60	55	50	45	40	35	30	25	20	15	11	7	5	7	85	80	75	70	65	60	55	50	46	41	36	31	26	22	18	14	11	10	11	
93	88	83	79	74	69	65	60	55	51	47	43	39	35	32	29	26	25	25	92	87	82	77	72	68	63	58	53	49	44	40	36	32	28	25	22	20	20	91	86	81	76	71	66	61	57	52	47	42	38	33	29	25	21	18	15	15	90	85	80	75	70	65	60	55	50	46	41	36	31	26	22	18	14	11	10	90	85	80	75	70	65	60	55	50	45	40	35	30	25	20	15	11	7	5	90	85	80	75	70	65	60	55	50	45	40	35	30	25	20	15	10	5	0	90	85	80	75	70	65	60	55	50	45	40	35	30	25	20	15	11	7	5	90	85	80	75	70	65	60	55	50	46	41	36	31	26	22	18	14	11	10	
30	30	31	33	36	39	42	46	50	54	58	62	67	71	76	80	85	90	94	25	25	26	29	32	35	39	43	47	51	55	60	65	69	74	79	83	88	93	20	20	22	25	28	32	36	40	44	49	53	58	63	68	72	77	82	87	92	15	15	18	21	25	29	33	38	42	47	52	57	61	66	71	76	81	86	91	10	11	14	18	22	26	31	36	41	46	50	55	60	65	70	75	80	85	90	5	7	11	15	20	25	30	35	40	45	50	55	60	65	70	75	80	85	90	0	5	10	15	20	25	30	35	40	45	50	55	60	65	70	75	80	85	90	5	7	11	15	20	25	30	35	40	45	50	55	60	65	70	75	80	85	90	
30	30	30	31	33	36	39	42	46	50	54	58	62	67	71	76	80	85	90	25	25	25	26	29	32	35	39	43	47	51	55	60	65	69	74	79	83	88	20	20	20	22	25	28	32	36	40	44	49	53	58	63	68	72	77	82	87	15	15	15	18	21	25	29	33	38	42	47	52	57	61	66	71	76	81	86	11	10	11	14	18	22	26	31	36	41	46	50	55	60	65	70	75	80	85	7	5	7	11	15	20	25	30	35	40	45	50	55	60	65	70	75	80	85	5	0	5	10	15	20	25	30	35	40	45	50	55	60	65	70	75	80	85	7	5	7	11	15	20	25	30	35	40	45	50	55	60	65	70	75	80	85	
31	30	30	30	31	33	36	39	42	46	50	54	58	62	67	71	76	80	85	26	25	25	25	26	29	32	35	39	43	47	51	55	60	65	69	74	79	83	22	20	20	20	22	25	28	32	36	40	44	49	53	58	63	68	72	77	82	18	15	15	15	18	21	25	29	33	38	42	47	52	57	61	66	71	76	81	14	11	10	11	14	18	22	26	31	36	41	46	50	55	60	65	70	75	80	11	7	5	7	11	15	20	25	30	35	40	45	50	55	60	65	70	75	80	10	5	0	5	10	15	20	25	30	35	40	45	50	55	60	65	70	75	80	11	7	5	7	11	15	20	25	30	35	40	45	50	55	60	65	70	75	80	
33	31	30	30	30	31	33	36	39	42	46	50	54	58	62	67	71	76	80	29	26	25	25	25	26	29	32	35	39	43	47	51	55	60	65	69	74	79	25	22	20	20	20	22	25	28	32	36	40	44	49	53	58	63	68	72	77	21	18	15	15	15	18	21	25	29	33	38	42	47	52	57	61	66	71	76	18	14	11	10	11	14	18	22	26	31	36	41	46	50	55	60	65	70	75	15	11	7	5	7	11	15	20	25	30	35	40	45	50	55	60	65	70	75	15	10	5	0	5	10	15	20	25	30	35	40	45	50	55	60	65	70	75	15	11	7	5	7	11	15	20	25	30	35	40	45	50	55	60	65	70	75	
36	33	31	30	30	30	31	33	36	39	42	46	50	54	58	62	67	71	76	32	29	26	25	25	25	26	29	32	35	39	43	47	51	55	60	65	69	74	28	25	22	20	20	20	22	25	28	32	36	40	44	49	53	58	63	68	72	25	21	18	15	15	15	18	21	25	29	33	38	42	47	52	57	61	66	71	22	18	14	11	10	11	14	18	22	26	31	36	41	46	50	55	60	65	70	20	15	11	7	5	7	11	15	20	25	30	35	40	45	50	55	60	65	70	20	15	10	5	0	5	10	15	20	25	30	35	40	45	50	55	60	65	70	20	15	11	7	5	7	11	15	20	25	30	35	40	45	50	55	60	65	70	
39	36	33	31	30	30	30	31	33	36	39	42	46	50	54	58	62	67	71	35	32	29	26	25	25	25	26	29	32	35	39	43	47	51	55	60	65	69	32	28	25	22	20	20	20	22	25	28	32	36	40	44	49	53	58	63	68	29	25	21	18	15	15	15	18	21	25	29	33	38	42	47	52	57	61	66	26	22	18	14	11	10	11	14	18	22	26	31	36	41	46	50	55	60	65	25	20	15	11	7	5	7	11	15	20	25	30	35	40	45	50	55	60	65	25	20	15	10	5	0	5	10	15	20	25	30	35	40	45	50	55	60	65	25	20	15	11	7	5	7	11	15	20	25	30	35	40	45	50	55	60	65	
42	39	36	33	31	30	30	30	31	33	36	39	42	46	50	54	58	62	67	39	35	32	29	26	25	25	25	26	29	32	35	39	43	47	51	55	60	65	36	32	28	25	22	20	20	20	22	25	28	32	36	40	44	49	53	58	63	33	29	25	21	18	15	15	15	18	21	25	29	33	38	42	47	52	57	61	31	26	22	18	14	11	10	11	14	18	22	26	31	36	41	46	50	55	60	30	25	20	15	11	7	5	7	11	15	20	25	30	35	40	45	50	55	60	30	25	20	15	10	5	0	5	10	15	20	25	30	35	40	45	50	55	60	30	25	20	15	11	7	5	7	11	15	20	25	30	35	40	45	50	55	60	
46	42	39	36	33	31	30	30	30	31	33	36	39	42	46	50	54	58	62	43	39	35	32	29	26	25	25	25	26	29	32	35	39	43	47	51	55	60	40	36	32	28	25	22	20	20	20	22	25	28	32	36	40	44	49	53	58	38	33	29	25	21	18	15	15	15	18	21	25	29	33	38	42	47	52	57	36	31	26	22	18	14	11	10	11	14	18	22	26	31	36	41	46	50	55	35	30	25	20	15	11	7	5	7	11	15	20	25	30	35	40	45	50	55	35	30	25	20	15	10	5	0	5	10	15	20	25	30	35	40	45	50	55	35	30	25	20	15	11	7	5	7	11	15	20	25	30	35	40	45	50	55	
50	46	42	39	36	33	31	30	30	30	31	33	36	39	42	46	50	54	58	47	43	39	35	32	29	26	25	25	25	26	29	32	35	39	43	47	51	55	44	40	36	32	28	25	22	20	20	20	22	25	28	32	36	40	44	49	53	42	38	33	29	25	21	18	15	15	15	18	21	25	29	33	38	42	47	52	41	36	31	26	22	18	14	11	10	11	14	18	22	26	31	36	41	46	50	40	35	30	25	20	15	11	7	5	7	11	15	20	25	30	35	40	45	50	40	35	30	25	20	15	10	5	0	5	10	15	20	25	30	35	40	45	50	40	35	30	25	20	15	11	7	5	7	11	15	20	25	30	35	40	45	50	
54	50	46	42	39	36	33	31	30	30	30	31	33	36	39	42	46	50	54	51	47	43	39	35	32	29	26	25	25	25	26	29	32	35	39	43	47	51	49	44	40	36	32	28	25	22	20	20	20	22	25	28	32	36	40	44	49	47	42	38	33	29	25	21	18	15	15	15	18	21	25	29	33	38	42	47	46	41	36	31	26	22	18	14	11	10	11	14	18	22	26	31	36	41	46	45	40	35	30	25	20	15	11	7	5	7	11	15	20	25	30	35	40	45	45	40	35	30	25	20	15	10	5	0	5	10	15	20	25	30	35	40	45	45	40	35	30	25	20	15	11	7	5	7	11	15	20	25	30	35	40	45	
58	54	50	46	42	39	36	33	31	30	30	30	31	33	36	39	42	46	50	55	51	47	43	39	35	32	29	26	25	25	25	26	29	32	35	39	43	47	53	49	44	40	36	32	28	25	22	20	20	20	22	25	28	32	36	40	44	52	47	42	38	33	29	25	21	18	15	15	15	18	21	25	29	33	38	42	50	46	41	36	31	26	22	18	14	11	10	11	14	18	22	26	31	36	41	50	45	40	35	30	25	20	15	11	7	5	7	11	15	20	25	30	35	40	50	45	40	35	30	25	20	15	10	5	0	5	10	15	20	25	30	35	40	50	45	40	35	30	25	20	15	11	7	5	7	11	15	20	25	30	35	40	
62	58	54	50	46	42	39	36	33	31	30	30	30	31	33	36	39	42	46	60	55	51	47	43	39	35	32	29	26	25	25	25	26	29	32	35	39	43	58	53	49	44	40	36	32	28	25	22	20	20	20	22	25	28	32	36	40	57	52	47	42	38	33	29	25	21	18	15	15	15	18	21	25	29	33	38	55	50	46	41	36	31	26	22	18	14	11	10	11	14	18	22	26	31	36	55	50	45	40	35	30	25	20	15	11	7	5	7	11	15	20	25	30	35	55	50	45	40	35	30	25	20	15	10	5	0	5	10	15	20	25	30	35	55	50	45	40	35	30	25	20	15	11	7	5	7	11	15	20	25	30	35	
67	62	58	54	50	46	42	39	36	33	31	30	30	30	31	33	36	39	42	65	60	55	51	47	43	39	35	32	29	26	25	25	25	26	29	32	35	39	63	58	53	49	44	40	36	32	28	25	22	20	20	20	22	25	28	32	36	61	57	52	47	42	38	33	29	25	21	18	15	15	15	18	21	25	29	33	60	55	50	46	41	36	31	26	22	18	14	11	10	11	14	18	22	26	31	60	55	50	45	40	35	30	25	20	15	11	7	5	7	11	15	20	25	30	60	55	50	45	40	35	30	25	20	15	10	5	0	5	10	15	20	25	30	60	55	50	45	40	35	30	25	20	15	11	7	5	7	11	15	20	25	30	
71	67	62	58	54	50	46	42	39	36	33	31	30	30	30	31	33	36	39	69	65	60	55	51	47	43	39	35	32	29	26	25	25	25	26	29	32	35	68	63	58	53	49	44	40	36	32	28	25	22	20	20	20	22	25	28	32	66	61	57	52	47	42	38	33	29	25	21	18	15	15	15	18	21	25	29	65	60	55	50	46	41	36	31	26	22	18	14	11	10	11	14	18	22	26	65	60	55	50	45	40	35	30	25	20	15	11	7	5	7	11	15	20	25	65	60	55	50	45	40	35	30	25	20	15	10	5	0	5	10	15	20	25	65	60	55	50	45	40	35	30	25	20	15	11	7	5	7	11	15	20	25	
76	71	67	62	58	54	50	46	42	39	36	33	31	30	30	30	31	33	36	74	69	65	60	55	51	47	43	39	35	32	29	26	25	25	25	26	29	32	72	68	63	58	53	49	44	40	36	32	28	25	22	20	20	20	22	25	28	71	66	61	57	52	47	42	38	33	29	25	21	18	15	15	15	18	21	25	70	65	60	55	50	46	41	36	31	26	22	18	14	11	10	11	14	18	22	70	65	60	55	50	45	40	35	30	25	20	15	11	7	5	7	11	15	20	70	65	60	55	50	45	40	35	30	25	20	15	10	5	0	5	10	15	20	70	65	60	55	50	45	40	35	30	25	20	15	11	7	5	7	11	15	20	
80	76	71	67	62	58	54	50	46	42	39	36	33	31	30	30	30	31	33	79	74	69	65	60	55	51	47	43	39	35	32	29	26	25	25	25	26	29	77	72	68	63	58	53	49	44	40	36	32	28	25	22	20	20	20	22	25	76	71	66	61	57	52	47	42	38	33	29	25	21	18	15	15	15	18	21	75	70	65	60	55	50	46	41	36	31	26	22	18	14	11	10	11	14	18	75	70	65	60	55	50	45	40	35	30	25	20	15	11	7	5	7	11	15	75	70	65	60	55	50	45	40	35	30	25	20	15	10	5	0	5	10	15	75	70	65	60	55	50	45	40	35	30	25	20	15	11	7	5	7	11	15	
85	80	76	71	67	62	58	54	50	46	42	39	36	33	31	30	30	30	31	83	79	74	69	65	60	55	51	47	43	39	35	32	29	26	25	25	25	26	82	77	72	68	63	58	53	49	44	40	36	32	28	25	22	20	20	20	22	81	76	71	66	61	57	52	47	42	38	33	29	25	21	18	15	15	15	18	80	75	70	65	60	55	50	46	41	36	31	26	22	18	14	11	10	11	14	80	75	70	65	60	55	50	45	40	35	30	25	20	15	11	7	5	7	11	80	75	70	65	60	55	50	45	40	35	30	25	20	15	10	5	0	5	10	80	75	70	65	60	55	50	45	40	35	30	25	20	15	11	7	5	7	11	
90	85	80	76	71	67	62	58	54	50	46	42	39	36	33	31	30	30	30	88	83	79	74	69	65	60	55	51	47	43	39	35	32	29	26	25	25	25	87	82	77	72	68	63	58	53	49	44	40	36	32	28	25	22	20	20	20	86	81	76	71	66	61	57	52	47	42	38	33	29	25	21	18	15	15	15	85	80	75	70	65	60	55	50	46	41	36	31	26	22	18	14	11	10	11	85	80	75	70	65	60	55	50	45	40	35	30	25	20	15	11	7	5	7	85	80	75	70	65	60	55	50	45	40	35	30	25	20	15	10	5	0	5	85	80	75	70	65	60	55	50	45	40	35	30	25	20	15	11	7	5	7	
94	90	85	80	76	71	67	62	58	54	50	46	42	39	36	33	31	30	30	93	88	83	79	74	69	65	60	55	51	47	43	39	35	32	29	26	25	25	92	87	82	77	72	68	63	58	53	49	44	40	36	32	28	25	22	20	20	91	86	81	76	71	66	61	57	52	47	42	38	33	29	25	21	18	15	15	90	85	80	75	70	65	60	55	50	46	41	36	31	26	22	18	14	11	10	90	85	80	75	70	65	60	55	50	45	40	35	30	25	20	15	11	7	5	90	85	80	75	70	65	60	55	50	45	40	35	30	25	20	15	10	5	0	90	85	80	75	70	65	60	55	50	45	40	35	30	25	20	15	11	7	5	
35	35	36	38	40	43	46	49	53	57	61	65	69	73	78	82	87	91	96	30	30	31	33	36	39	42	46	50	54	58	62	67	71	76	80	85	90	94	25	25	26	29	32	35	39	43	47	51	55	60	65	69	74	79	83	88	93	20	20	22	25	28	32	36	40	44	49	53	58	63	68	72	77	82	87	92	15	15	18	21	25	29	33	38	42	47	52	57	61	66	71	76	81	86	91	10	11	14	18	22	26	31	36	41	46	50	55	60	65	70	75	80	85	90	5	7	11	15	20	25	30	35	40	45	50	55	60	65	70	75	80	85	90	0	5	10	15	20	25	30	35	40	45	50	55	60	65	70	75	80	85	90	
35	35	35	36	38	40	43	46	49	53	57	61	65	69	73	78	82	87	91	30	30	30	31	33	36	39	42	46	50	54	58	62	67	71	76	80	85	90	25	25	25	26	29	32	35	39	43	47	51	55	60	65	69	74	79	83	88	20	20	20	22	25	28	32	36	40	44	49	53	58	63	68	72	77	82	87	15	15	15	18	21	25	29	33	38	42	47	52	57	61	66	71	76	81	86	11	10	11	14	18	22	26	31	36	41	46	50	55	60	65	70	75	80	85	7	5	7	11	15	20	25	30	35	40	45	50	55	60	65	70	75	80	85	5	0	5	10	15	20	25	30	35	40	45	50	55	60	65	70	75	80	85	
36	35	35	35	36	38	40	43	46	49	53	57	61	65	69	73	78	82	87	31	30	30	30	31	33	36	39	42	46	50	54	58	62	67	71	76	80	85	26	25	25	25	26	29	32	35	39	43	47	51	55	60	65	69	74	79	83	22	20	20	20	22	25	28	32	36	40	44	49	53	58	63	68	72	77	82	18	15	15	15	18	21	25	29	33	38	42	47	52	57	61	66	71	76	81	14	11	10	11	14	18	22	26	31	36	41	46	50	55	60	65	70	75	80	11	7	5	7	11	15	20	25	30	35	40	45	50	55	60	65	70	75	80	10	5	0	5	10	15	20	25	30	35	40	45	50	55	60	65	70	75	80	
38	36	35	35	35	36	38	40	43	46	49	53	57	61	65	69	73	78	82	33	31	30	30	30	31	33	36	39	42	46	50	54	58	62	67	71	76	80	29	26	25	25	25	26	29	32	35	39	43	47	51	55	60	65	69	74	79	25	22	20	20	20	22	25	28	32	36	40	44	49	53	58	63	68	72	77	21	18	15	15	15	18	21	25	29	33	38	42	47	52	57	61	66	71	76	18	14	11	10	11	14	18	22	26	31	36	41	46	50	55	60	65	70	75	15	11	7	5	7	11	15	20	25	30	35	40	45	50	55	60	65	70	75	15	10	5	0	5	10	15	20	25	30	35	40	45	50	55	60	65	70	75	
40	38	36	35	35	35	36	38	40	43	46	49	53	57	61	65	69	73	78	36	33	31	30	30	30	31	33	36	39	42	46	50	54	58	62	67	71	76	32	29	26	25	25	25	26	29	32	35	39	43	47	51	55	60	65	69	74	28	25	22	20	20	20	22	25	28	32	36	40	44	49	53	58	63	68	72	25	21	18	15	15	15	18	21	25	29	33	38	42	47	52	57	61	66	71	22	18	14	11	10	11	14	18	22	26	31	36	41	46	50	55	60	65	70	20	15	11	7	5	7	11	15	20	25	30	35	40	45	50	55	60	65	70	20	15	10	5	0	5	10	15	20	25	30	35	40	45	50	55	60	65	70	
43	40	38	36	35	35	35	36	38	40	43	46	49	53	57	61	65	69	73	39	36	33	31	30	30	30	31	33	36	39	42	46	50	54	58	62	67	71	35	32	29	26	25	25	25	26	29	32	35	39	43	47	51	55	60	65	69	32	28	25	22	20	20	20	22	25	28	32	36	40	44	49	53	58	63	68	29	25	21	18	15	15	15	18	21	25	29	33	38	42	47	52	57	61	66	26	22	18	14	11	10	11	14	18	22	26	31	36	41	46	50	55	60	65	25	20	15	11	7	5	7	11	15	20	25	30	35	40	45	50	55	60	65	25	20	15	10	5	0	5	10	15	20	25	30	35	40	45	50	55	60	65	
46	43	40	38	36	35	35	35	36	38	40	43	46	49	53	57	61	65	69	42	39	36	33	31	30	30	30	31	33	36	39	42	46	50	54	58	62	67	39	35	32	29	26	25	25	25	26	29	32	35	39	43	47	51	55	60	65	36	32	28	25	22	20	20	20	22	25	28	32	36	40	44	49	53	58	63	33	29	25	21	18	15	15	15	18	21	25	29	33	38	42	47	52	57	61	31	26	22	18	14	11	10	11	14	18	22	26	31	36	41	46	50	55	60	30	25	20	15	11	7	5	7	11	15	20	25	30	35	40	45	50	55	60	30	25	20	15	10	5	0	5	10	15	20	25	30	35	40	45	50	55	60	
49	46	43	40	38	36	35	35	35	36	38	40	43	46	49	53	57	61	65	46	42	39	36	33	31	30	30	30	31	33	36	39	42	46	50	54	58	62	43	39	35	32	29	26	25	25	25	26	29	32	35	39	43	47	51	55	60	40	36	32	28	25	22	20	20	20	22	25	28	32	36	40	44	49	53	58	38	33	29	25	21	18	15	15	15	18	21	25	29	33	38	42	47	52	57	36	31	26	22	18	14	11	10	11	14	18	22	26	31	36	41	46	50	55	35	30	25	20	15	11	7	5	7	11	15	20	25	30	35	40	45	50	55	35	30	25	20	15	10	5	0	5	10	15	20	25	30	35	40	45	50	55	
53	49	46	43	40	38	36	35	35	35	36	38	40	43	46	49	53	57	61	50	46	42	39	36	33	31	30	30	30	31	33	36	39	42	46	50	54	58	47	43	39	35	32	29	26	25	25	25	26	29	32	35	39	43	47	51	55	44	40	36	32	28	25	22	20	20	20	22	25	28	32	36	40	44	49	53	42	38	33	29	25	21	18	15	15	15	18	21	25	29	33	38	42	47	52	41	36	31	26	22	18	14	11	10	11	14	18	22	26	31	36	41	46	50	40	35	30	25	20	15	11	7	5	7	11	15	20	25	30	35	40	45	50	40	35	30	25	20	15	10	5	0	5	10	15	20	25	30	35	40	45	50	
57	53	49	46	43	40	38	36	35	35	35	36	38	40	43	46	49	53	57	54	50	46	42	39	36	33	31	30	30	30	31	33	36	39	42	46	50	54	51	47	43	39	35	32	29	26	25	25	25	26	29	32	35	39	43	47	51	49	44	40	36	32	28	25	22	20	20	20	22	25	28	32	36	40	44	49	47	42	38	33	29	25	21	18	15	15	15	18	21	25	29	33	38	42	47	46	41	36	31	26	22	18	14	11	10	11	14	18	22	26	31	36	41	46	45	40	35	30	25	20	15	11	7	5	7	11	15	20	25	30	35	40	45	45	40	35	30	25	20	15	10	5	0	5	10	15	20	25	30	35	40	45	
61	57	53	49	46	43	40	38	36	35	35	35	36	38	40	43	46	49	53	58	54	50	46	42	39	36	33	31	30	30	30	31	33	36	39	42	46	50	55	51	47	43	39	35	32	29	26	25	25	25	26	29	32	35	39	43	47	53	49	44	40	36	32	28	25	22	20	20	20	22	25	28	32	36	40	44	52	47	42	38	33	29	25	21	18	15	15	15	18	21	25	29	33	38	42	50	46	41	36	31	26	22	18	14	11	10	11	14	18	22	26	31	36	41	50	45	40	35	30	25	20	15	11	7	5	7	11	15	20	25	30	35	40	50	45	40	35	30	25	20	15	10	5	0	5	10	15	20	25	30	35	40	
65	61	57	53	49	46	43	40	38	36	35	35	35	36	38	40	43	46	49	62	58	54	50	46	42	39	36	33	31	30	30	30	31	33	36	39	42	46	60	55	51	47	43	39	35	32	29	26	25	25	25	26	29	32	35	39	43	58	53	49	44	40	36	32	28	25	22	20	20	20	22	25	28	32	36	40	57	52	47	42	38	33	29	25	21	18	15	15	15	18	21	25	29	33	38	55	50	46	41	36	31	26	22	18	14	11	10	11	14	18	22	26	31	36	55	50	45	40	35	30	25	20	15	11	7	5	7	11	15	20	25	30	35	55	50	45	40	35	30	25	20	15	10	5	0	5	10	15	20	25	30	35	
69	65	61	57	53	49	46	43	40	38	36	35	35	35	36	38	40	43	46	67	62	58	54	50	46	42	39	36	33	31	30	30	30	31	33	36	39	42	65	60	55	51	47	43	39	35	32	29	26	25	25	25	26	29	32	35	39	63	58	53	49	44	40	36	32	28	25	22	20	20	20	22	25	28	32	36	61	57	52	47	42	38	33	29	25	21	18	15	15	15	18	21	25	29	33	60	55	50	46	41	36	31	26	22	18	14	11	10	11	14	18	22	26	31	60	55	50	45	40	35	30	25	20	15	11	7	5	7	11	15	20	25	30	60	55	50	45	40	35	30	25	20	15	10	5	0	5	10	15	20	25	30	
73	69	65	61	57	53	49	46	43	40	38	36	35	35	35	36	38	40	43	71	67	62	58	54	50	46	42	39	36	33	31	30	30	30	31	33	36	39	69	65	60	55	51	47	43	39	35	32	29	26	25	25	25	26	29	32	35	68	63	58	53	49	44	40	36	32	28	25	22	20	20	20	22	25	28	32	66	61	57	52	47	42	38	33	29	25	21	18	15	15	15	18	21	25	29	65	60	55	50	46	41	36	31	26	22	18	14	11	10	11	14	18	22	26	65	60	55	50	45	40	35	30	25	20	15	11	7	5	7	11	15	20	25	65	60	55	50	45	40	35	30	25	20	15	10	5	0	5	10	15	20	25	
78	73	69	65	61	57	53	49	46	43	40	38	36	35	35	35	36	38	40	76	71	67	62	58	54	50	46	42	39	36	33	31	30	30	30	31	33	36	74	69	65	60	55	51	47	43	39	35	32	29	26	25	25	25	26	29	32	72	68	63	58	53	49	44	40	36	32	28	25	22	20	20	20	22	25	28	71	66	61	57	52	47	42	38	33	29	25	21	18	15	15	15	18	21	25	70	65	60	55	50	46	41	36	31	26	22	18	14	11	10	11	14	18	22	70	65	60	55	50	45	40	35	30	25	20	15	11	7	5	7	11	15	20	70	65	60	55	50	45	40	35	30	25	20	15	10	5	0	5	10	15	20	
82	78	73	69	65	61	57	53	49	46	43	40	38	36	35	35	35	36	38	80	76	71	67	62	58	54	50	46	42	39	36	33	31	30	30	30	31	33	79	74	69	65	60	55	51	47	43	39	35	32	29	26	25	25	25	26	29	77	72	68	63	58	53	49	44	40	36	32	28	25	22	20	20	20	22	25	76	71	66	61	57	52	47	42	38	33	29	25	21	18	15	15	15	18	21	75	70	65	60	55	50	46	41	36	31	26	22	18	14	11	10	11	14	18	75	70	65	60	55	50	45	40	35	30	25	20	15	11	7	5	7	11	15	75	70	65	60	55	50	45	40	35	30	25	20	15	10	5	0	5	10	15	
87	82	78	73	69	65	61	57	53	49	46	43	40	38	36	35	35	35	36	85	80	76	71	67	62	58	54	50	46	42	39	36	33	31	30	30	30	31	83	79	74	69	65	60	55	51	47	43	39	35	32	29	26	25	25	25	26	82	77	72	68	63	58	53	49	44	40	36	32	28	25	22	20	20	20	22	81	76	71	66	61	57	52	47	42	38	33	29	25	21	18	15	15	15	18	80	75	70	65	60	55	50	46	41	36	31	26	22	18	14	11	10	11	14	80	75	70	65	60	55	50	45	40	35	30	25	20	15	11	7	5	7	11	80	75	70	65	60	55	50	45	40	35	30	25	20	15	10	5	0	5	10	
91	87	82	78	73	69	65	61	57	53	49	46	43	40	38	36	35	35	35	90	85	80	76	71	67	62	58	54	50	46	42	39	36	33	31	30	30	30	88	83	79	74	69	65	60	55	51	47	43	39	35	32	29	26	25	25	25	87	82	77	72	68	63	58	53	49	44	40	36	32	28	25	22	20	20	20	86	81	76	71	66	61	57	52	47	42	38	33	29	25	21	18	15	15	15	85	80	75	70	65	60	55	50	46	41	36	31	26	22	18	14	11	10	11	85	80	75	70	65	60	55	50	45	40	35	30	25	20	15	11	7	5	7	85	80	75	70	65	60	55	50	45	40	35	30	25	20	15	10	5	0	5	
96	91	87	82	78	73	69	65	61	57	53	49	46	43	40	38	36	35	35	94	90	85	80	76	71	67	62	58	54	50	46	42	39	36	33	31	30	30	93	88	83	79	74	69	65	60	55	51	47	43	39	35	32	29	26	25	25	92	87	82	77	72	68	63	58	53	49	44	40	36	32	28	25	22	20	20	91	86	81	76	71	66	61	57	52	47	42	38	33	29	25	21	18	15	15	90	85	80	75	70	65	60	55	50	46	41	36	31	26	22	18	14	11	10	90	85	80	75	70	65	60	55	50	45	40	35	30	25	20	15	11	7	5	90	85	80	75	70	65	60	55	50	45	40	35	30	25	20	15	10	5	0	
